1403636581363555584.000000 -2.143902302 -0.804218829 2.900127888 0.581607938 0.544894397 0.432672977 0.421445549
1403636581563555584.000000 -2.139816761 -0.809503973 2.850002766 0.585466206 0.551895201 0.431096256 0.408407927
1403636583313555456.000000 -2.127206802 -0.809575677 2.873953104 0.594951451 0.538458586 0.439348698 0.403816164
1403636584063555584.000000 -2.128865242 -0.832769156 2.470912457 0.617958605 0.579325557 0.381865352 0.369713157
1403636586463555584.000000 -2.131094217 -0.879568100 2.658408165 0.684161723 0.594518423 0.303349704 0.294022590
1403636586613555456.000000 -2.124449730 -0.892318726 2.663795710 0.687696099 0.602465749 0.289694786 0.283170551
1403636586863555584.000000 -2.102648020 -0.889650643 2.671037436 0.681798577 0.600422740 0.294910312 0.296093076
1403636587263555584.000000 -2.082791567 -0.868106723 2.669536352 0.672570288 0.611698568 0.292498052 0.296511352
1403636588163555584.000000 -1.808213592 -0.842815936 2.658833265 0.706767142 0.580604672 0.296339452 0.274883538
1403636588413555456.000000 -1.784195542 -0.842924237 2.650826454 0.704774201 0.579228818 0.296303779 0.282827228
1403636588913555456.000000 -1.888500810 -0.856729686 2.659041643 0.700282335 0.586432695 0.289989978 0.285669178
1403636589063555584.000000 -1.950231075 -0.861836135 2.664436579 0.693474412 0.590931058 0.289954215 0.292950660
1403636589713555456.000000 -2.257873774 -0.878378689 2.677371979 0.672401369 0.610300422 0.286369562 0.305618107
1403636589863555584.000000 -2.322061777 -0.881820679 2.671996593 0.668257058 0.617953658 0.277121991 0.307845592
1403636590013555456.000000 -2.372094154 -0.884516716 2.665263176 0.663812280 0.624912918 0.266499072 0.312754899
1403636590163555584.000000 -2.401919127 -0.886014104 2.665722132 0.656796455 0.626030862 0.267891318 0.323941052
1403636590863555584.000000 -2.222259045 -0.900183856 2.677900314 0.670005560 0.614463389 0.283560991 0.305156380
1403636591263555584.000000 -2.041905642 -0.889121234 2.668415070 0.676718712 0.609992981 0.279643685 0.302918792
1403636591563555584.000000 -1.964323401 -0.877419531 2.647915602 0.685457766 0.599921525 0.287517577 0.295931458
1403636592163555584.000000 -1.902867913 -0.821914375 2.635646582 0.705609024 0.544409156 0.346008390 0.293278873
1403636592313555456.000000 -1.883069873 -0.788073063 2.632434368 0.714252949 0.543279052 0.337967813 0.283668995
1403636592913555456.000000 -1.999488354 -0.611795902 2.629227400 0.653235495 0.607573807 0.298328906 0.339318961
1403636593513555456.000000 -2.297662735 -0.776956737 2.629338980 0.602476776 0.665593326 0.231294692 0.374846011
1403636593663555584.000000 -2.296185255 -0.849005401 2.620543957 0.620405495 0.655571997 0.230080888 0.363847405
1403636593813555456.000000 -2.258074045 -0.914524734 2.611213923 0.651583672 0.632079482 0.240168169 0.343850374
1403636593963555584.000000 -2.191896915 -0.965820909 2.608691931 0.684939265 0.591370225 0.271842688 0.327476263
1403636594113555456.000000 -2.110962152 -0.994373918 2.611424208 0.713387251 0.551276684 0.304636657 0.307195723
1403636594263555584.000000 -2.024471283 -0.987750649 2.610471964 0.735500336 0.524184883 0.321307033 0.284659714
1403636594413555456.000000 -1.937979221 -0.945165217 2.608478308 0.741896093 0.513669431 0.336459130 0.269312292
1403636594563555584.000000 -1.866697073 -0.878423154 2.607172012 0.735641539 0.510044575 0.353198528 0.271913171
1403636594713555456.000000 -1.838986158 -0.805903316 2.605572939 0.730242789 0.509102046 0.357388020 0.282549769
1403636596063555584.000000 -2.018795490 -0.930676579 2.562436104 0.672004163 0.597454429 0.310438603 0.308360130
1403636596213555456.000000 -1.998431444 -0.983898461 2.562881231 0.691137612 0.578191876 0.317693263 0.295116693
1403636596463555584.000000 -2.075662136 -1.073580265 2.589629412 0.692311287 0.569495380 0.325781584 0.300411016
1403636596613555456.000000 -2.132073879 -1.119232416 2.605023861 0.685178339 0.574478924 0.330661237 0.301939875
1403636596913555456.000000 -2.165255785 -1.110742450 2.607313871 0.676234126 0.580778658 0.337932289 0.302002579
1403636597263555584.000000 -2.100841999 -0.913981557 2.599080324 0.670316875 0.602631390 0.317660958 0.294282436
1403636598213555456.000000 -2.173918486 -0.843634009 2.585474014 0.590053380 0.674313426 0.276673436 0.347261041
1403636598363555584.000000 -2.164592028 -0.884207606 2.565351248 0.598274827 0.680141330 0.271148473 0.325504422
1403636598513555456.000000 -2.147316217 -0.880976737 2.542911530 0.599883854 0.678575695 0.277410716 0.320495576
1403636598713555456.000000 -2.124755621 -0.821991086 2.515784025 0.583295822 0.674917102 0.286934584 0.349172294
1403636598863555584.000000 -2.111422539 -0.771667540 2.486254692 0.566245317 0.667362094 0.297435641 0.381478667
1403636599013555456.000000 -2.099993944 -0.731653154 2.451213121 0.556267142 0.657875478 0.312517583 0.400123805
1403636599163555584.000000 -2.094044924 -0.705421507 2.426485062 0.544124126 0.646080136 0.321710855 0.427798688
1403636602063555584.000000 -2.079749823 -0.663173199 2.374186039 0.532268167 0.593625367 0.371941507 0.475351125
1403636604563555584.000000 -2.079749823 -0.663280725 2.374158859 0.532260656 0.593498707 0.372006834 0.475466669
1403636607063555584.000000 -2.079763651 -0.663242519 2.374140739 0.532281041 0.593458652 0.372002840 0.475497067
1403636609563555584.000000 -2.079788208 -0.663251042 2.374169111 0.532400012 0.593432844 0.371963471 0.475427061
1403636612263555584.000000 -2.078810930 -0.663053274 2.373999834 0.531317711 0.594221890 0.373396844 0.474527419
1403636614763555584.000000 -2.079151630 -0.663199723 2.373886347 0.532120407 0.593384743 0.372252136 0.475574076
1403636617263555584.000000 -2.079109907 -0.663198471 2.373867512 0.532223225 0.593314767 0.372105122 0.475661129
1403636619763555584.000000 -2.079106569 -0.663295686 2.373829126 0.532394648 0.593041062 0.372031868 0.475867748
1403636622263555584.000000 -2.079063416 -0.663190782 2.373798370 0.532240272 0.593157589 0.372145504 0.475806713
1403636624863555584.000000 -2.029308081 -0.696547270 2.375384092 0.539293587 0.610886157 0.379502922 0.438130200
1403636625013555456.000000 -2.007023573 -0.717392087 2.392935276 0.537382722 0.627951503 0.380672157 0.414710879
1403636625163555584.000000 -1.993959665 -0.736465216 2.428191423 0.542968392 0.633727551 0.371440977 0.406947792
1403636625663555584.000000 -1.991972685 -0.734925807 2.466248512 0.542022407 0.629943907 0.365811557 0.419003844
1403636627413555456.000000 -1.940874219 -0.664408505 2.726594210 0.525770903 0.621908844 0.370814204 0.446420103
1403636627613555456.000000 -1.919691563 -0.679014504 2.769683599 0.535178483 0.615642548 0.371861964 0.443042845
1403636627813555456.000000 -1.893268347 -0.695206225 2.758335829 0.554356635 0.613719463 0.371255696 0.422144145
1403636628013555456.000000 -1.865650535 -0.697803319 2.743510008 0.570929229 0.609304368 0.374985456 0.402708143
1403636628613555456.000000 -1.789080024 -0.629314840 2.847536087 0.572384894 0.578422725 0.388025969 0.432709903
1403636629013555456.000000 -1.686572433 -0.597213745 2.856259584 0.585700214 0.582842886 0.393418312 0.403076947
1403636629613555456.000000 -1.507776380 -0.505877078 2.876963139 0.622027278 0.535178900 0.416056901 0.391870409
1403636629813555456.000000 -1.428266287 -0.466818452 2.836776495 0.649182677 0.518475592 0.424338371 0.360112906
1403636630013555456.000000 -1.340535522 -0.413879126 2.794496059 0.670130670 0.495605141 0.437055975 0.338056743
1403636630463555584.000000 -1.135908246 -0.262362748 2.804758787 0.670033038 0.470873088 0.465272248 0.335940093
1403636631263555584.000000 -0.806879997 0.051417649 2.852063894 0.661834478 0.480559409 0.461491168 0.343604088
1403636632163555584.000000 -0.503909945 0.399770617 2.782002926 0.653172970 0.490393907 0.467582911 0.338001370
1403636633813555456.000000 -0.172543555 1.190893292 2.619924784 0.610951245 0.561202466 0.402542114 0.386975348
1403636634213555456.000000 -0.067022748 1.459305048 2.620363951 0.617539704 0.551299632 0.400705874 0.392616838
1403636634413555456.000000 0.002410069 1.607673168 2.641669273 0.605060160 0.554440141 0.414811820 0.392975032
1403636634613555456.000000 0.072376989 1.756479263 2.644007206 0.595772803 0.556049168 0.422231495 0.396969169
1403636635213555456.000000 0.238964036 2.168668985 2.648305655 0.579245985 0.585899115 0.401369691 0.400123388
1403636635413555456.000000 0.282722265 2.307153463 2.639164925 0.583542347 0.585930049 0.390663564 0.404408276
1403636635613555456.000000 0.327762604 2.451882124 2.648212194 0.586127162 0.582891345 0.387156367 0.408414274
1403636635813555456.000000 0.379725665 2.602382898 2.681466579 0.586519837 0.574395776 0.389357597 0.417689890
1403636635963555584.000000 0.426498115 2.719235420 2.724137783 0.591769934 0.570720434 0.383952469 0.420317411
1403636636113555456.000000 0.482655108 2.837454319 2.765151739 0.592578292 0.580025613 0.384212822 0.405957460
1403636636613555456.000000 0.678418517 3.230159998 2.923764229 0.561703384 0.573997140 0.427521557 0.415019959
1403636637013555456.000000 0.775725722 3.460599899 2.933459282 0.561989903 0.582899928 0.423874259 0.405864000
1403636637213555456.000000 0.793815076 3.544703484 2.904549360 0.572391152 0.582579911 0.406607777 0.409437537
1403636637613555456.000000 0.813877225 3.715724468 2.900539398 0.576114058 0.589180589 0.395298392 0.405829906
1403636637813555456.000000 0.820396841 3.808698893 2.940869093 0.573759735 0.588903844 0.396538645 0.408348918
1403636638213555456.000000 0.828392029 4.006485462 2.992997169 0.567177713 0.584420562 0.402696162 0.417848647
1403636638413555456.000000 0.832129955 4.098817348 2.960449934 0.578701556 0.586862564 0.385480940 0.414850533
1403636638563555584.000000 0.839305282 4.169207096 2.926608086 0.592233419 0.591751397 0.365150750 0.407129765
1403636638763555584.000000 0.862099826 4.278976917 2.915522337 0.583014965 0.595709682 0.377627581 0.403262615
1403636639163555584.000000 0.926945806 4.540266037 2.963512897 0.585208058 0.579462290 0.372562885 0.427728951
1403636639363555584.000000 0.981903553 4.681250572 2.935976982 0.583295405 0.582838356 0.375551581 0.423114896
1403636639563555584.000000 1.052667975 4.827335358 2.884386778 0.570623398 0.593638241 0.393606097 0.408725560
1403636639763555584.000000 1.118779421 4.973109245 2.826942921 0.563182950 0.590149224 0.402845800 0.415046215
1403636641163555584.000000 1.452766418 5.718660355 2.788962603 0.539053917 0.612388253 0.385517001 0.431019753
1403636641563555584.000000 1.515578866 5.861130714 2.734239817 0.544524729 0.606136978 0.381087244 0.436878860
1403636641963555584.000000 1.584761858 5.968829155 2.740967989 0.544467390 0.604532838 0.388475448 0.432645351
1403636642763555584.000000 1.707584023 6.106353760 2.739817142 0.584847391 0.577829301 0.401806086 0.403259724
1403636643213555456.000000 1.770031452 6.172266006 2.736419439 0.584368408 0.572143614 0.403990746 0.409825325
1403636643713555456.000000 1.857858539 6.275313854 2.758246183 0.591160536 0.585177600 0.388135254 0.396796823
1403636644563555584.000000 2.046895742 6.683391094 2.762614489 0.589367151 0.558065593 0.389197588 0.435585111
1403636644763555584.000000 2.124373198 6.794204235 2.694529533 0.580645084 0.565172076 0.403054953 0.425415576
1403636644963555584.000000 2.211742401 6.893400192 2.608551264 0.578095675 0.574288666 0.410194486 0.409558654
1403636645563555584.000000 2.457259178 7.235555649 2.496315002 0.595510185 0.585288346 0.390097946 0.388109207
1403636645763555584.000000 2.535182714 7.400938988 2.463927746 0.593010604 0.583330095 0.393903136 0.391029924
1403636646163555584.000000 2.690725565 7.772120953 2.506625175 0.607155442 0.553636134 0.406269789 0.399742782
1403636646963555584.000000 3.107181787 8.390974045 2.630949736 0.663396716 0.462318450 0.475216776 0.346893638
1403636647163555584.000000 3.205912828 8.498991966 2.671826839 0.668564260 0.466305822 0.469039738 0.339974016
1403636647363555584.000000 3.303050041 8.599947929 2.693487644 0.667795718 0.466728479 0.467213869 0.343401194
1403636647563555584.000000 3.399737835 8.691836357 2.697892666 0.662631392 0.462806642 0.469494969 0.355392814
1403636647763555584.000000 3.501955271 8.766995430 2.710127354 0.662744045 0.460024089 0.471284270 0.356425524
1403636647963555584.000000 3.610476255 8.825379372 2.722784758 0.670106113 0.452917397 0.476478726 0.344661504
1403636648163555584.000000 3.721721888 8.863108635 2.702503681 0.689895451 0.424591243 0.489572167 0.322623014
1403636648563555584.000000 3.942403793 8.887874603 2.611757994 0.733686745 0.344845355 0.521157742 0.266795605
1403636649613555456.000000 4.461445332 8.866828918 2.790171862 0.744689167 0.325177222 0.530724347 0.240892544
1403636649813555456.000000 4.546125889 8.854225159 2.878989220 0.744967520 0.311653823 0.539050341 0.239415422
1403636650013555456.000000 4.622439384 8.831497192 2.936192274 0.746661365 0.303184956 0.545455456 0.230334535
1403636650213555456.000000 4.687539577 8.794323921 2.953683138 0.752776325 0.285838515 0.551291585 0.218407333
1403636651013555456.000000 4.851641655 8.551342964 2.891908169 0.789216161 0.182001993 0.570007026 0.138220131
1403636651213555456.000000 4.872759819 8.490124702 2.913985491 0.788234949 0.182868287 0.570907235 0.138958409
1403636651663555584.000000 4.887339115 8.346478462 2.969861269 0.786174238 0.193436086 0.567968309 0.148068160
1403636652413555456.000000 4.831138134 7.974827766 2.857069731 0.820874214 0.055011138 0.566115081 0.051503789
1403636652613555456.000000 4.805474758 7.856603146 2.813127756 0.831272364 0.018982187 0.554876566 0.027163619
1403636653063555584.000000 4.828734398 7.606976032 2.833445549 0.829878032 0.010011658 0.557752013 0.010706849
1403636653463555584.000000 4.910062313 7.409590721 2.821660995 0.812644064 0.025635112 0.581926346 0.017711947
1403636654063555584.000000 4.962411880 7.162879944 2.858101845 0.808548689 0.031877693 0.586807787 0.029819032
1403636654663555584.000000 4.896061420 6.921273232 2.886950731 0.815924883 -0.038899764 0.576463401 -0.021047087
1403636654863555584.000000 4.863281250 6.847257614 2.905772924 0.818376005 -0.058347203 0.570645154 -0.034929644
1403636655163555584.000000 4.817441463 6.744730949 2.891549110 0.804899871 -0.068217419 0.587766469 -0.044866048
1403636655463555584.000000 4.747822762 6.649145126 2.858009338 0.797612548 -0.087047428 0.594738007 -0.050234731
1403636655763555584.000000 4.626072884 6.554436207 2.837523460 0.809293985 -0.126260549 0.569729269 -0.067155801
1403636655913555456.000000 4.562190533 6.502024174 2.796024084 0.808941185 -0.151022851 0.562681556 -0.078713104
1403636656063555584.000000 4.499537468 6.443749428 2.753676176 0.803771019 -0.174752221 0.561011732 -0.093162909
1403636656213555456.000000 4.436594963 6.380142689 2.732377052 0.802975416 -0.185235158 0.556127071 -0.107892655
1403636656363555584.000000 4.375973701 6.313271046 2.735627174 0.803657830 -0.190933272 0.552111447 -0.113363586
1403636656513555456.000000 4.323609829 6.241302490 2.758148432 0.804578900 -0.190956548 0.550372601 -0.115231402
1403636657113555456.000000 4.132668495 5.943130970 2.783223152 0.783717930 -0.174654052 0.584915698 -0.114697814
1403636657413555456.000000 3.988546371 5.812769890 2.756731510 0.791264772 -0.181271464 0.574940443 -0.102391742
1403636657563555584.000000 3.906584024 5.744194508 2.744191647 0.798696697 -0.185270697 0.564104378 -0.097696483
1403636657713555456.000000 3.824129343 5.669085503 2.723891020 0.799342275 -0.186100006 0.562919557 -0.097673312
1403636657863555584.000000 3.742263556 5.586823940 2.695118427 0.798442066 -0.194465205 0.561774790 -0.095300891
1403636658313555456.000000 3.496382236 5.279374599 2.661042929 0.803633511 -0.190933928 0.551271796 -0.117544241
1403636658463555584.000000 3.422213793 5.166581154 2.648563147 0.805289865 -0.188259080 0.548266113 -0.124380536
1403636658613555456.000000 3.355818987 5.055295467 2.630679131 0.806482911 -0.182155713 0.546165764 -0.134563133
1403636658763555584.000000 3.298111677 4.950016022 2.607299805 0.805128038 -0.178304911 0.547882915 -0.140713558
1403636658963555584.000000 3.234906435 4.824430943 2.567694187 0.797219753 -0.177316666 0.559004188 -0.143225983
1403636659113555456.000000 3.192299128 4.743261337 2.528772593 0.790933013 -0.180838287 0.568037808 -0.138040230
1403636659263555584.000000 3.147653580 4.671169758 2.483742476 0.788388014 -0.181869686 0.571715057 -0.136049882
1403636659413555456.000000 3.100181103 4.608191490 2.446964979 0.794631541 -0.182460681 0.563125134 -0.134754196
1403636659563555584.000000 3.054970741 4.550825596 2.425352097 0.798811674 -0.183305517 0.557051897 -0.134134158
1403636659713555456.000000 3.012621641 4.498771667 2.403753042 0.795797467 -0.182814032 0.560656250 -0.137657896
1403636660063555584.000000 2.920217991 4.406115055 2.304389000 0.801805973 -0.188654780 0.549784958 -0.138754040
1403636660213555456.000000 2.887073278 4.376346588 2.247415781 0.806185544 -0.190365538 0.542840242 -0.138383076
1403636660513555456.000000 2.856940269 4.322751045 2.152189255 0.819721043 -0.193130627 0.521765292 -0.136083469
1403636660813555456.000000 2.892444372 4.274330616 2.068550587 0.798849165 -0.178179532 0.553425133 -0.154312715
1403636660963555584.000000 2.919473886 4.264588833 2.008754969 0.794661105 -0.173300549 0.559317350 -0.160139859
1403636661113555456.000000 2.949257612 4.269817352 1.939211965 0.791529238 -0.178916678 0.564326167 -0.151677132
1403636661263555584.000000 2.978069305 4.287214279 1.869094729 0.789593160 -0.183321074 0.567209125 -0.145635605
1403636661413555456.000000 3.000689745 4.314826488 1.814708710 0.788485527 -0.183940813 0.568876028 -0.144347250
1403636661563555584.000000 3.020007849 4.349596977 1.777332902 0.789682329 -0.185782999 0.567512810 -0.140766948
1403636661863555584.000000 3.044846296 4.435440063 1.753135324 0.785744727 -0.193414897 0.573780000 -0.126381204
1403636662213555456.000000 3.033908129 4.535969734 1.795184135 0.787244797 -0.188226506 0.572186708 -0.131979570
1403636662363555584.000000 3.015035391 4.581603527 1.804184198 0.791670203 -0.182810128 0.565388501 -0.142035663
1403636662813555456.000000 2.970633507 4.737390995 1.762441754 0.795212746 -0.208243832 0.557846010 -0.114362538
1403636663113555456.000000 2.947720289 4.808562279 1.699084282 0.802750945 -0.218835115 0.545163512 -0.102462389
1403636663263555584.000000 2.940179110 4.819975376 1.681175828 0.806962490 -0.211952746 0.539319694 -0.114112280
1403636663713555456.000000 2.983746290 4.809693336 1.567377210 0.823486447 -0.188412353 0.514639854 -0.146684602
1403636663863555584.000000 3.038697243 4.805347919 1.529899716 0.820658863 -0.174519315 0.519592762 -0.161509186
1403636664013555456.000000 3.118230820 4.811959267 1.509939194 0.812354743 -0.162258536 0.532886684 -0.172578514
1403636664313555456.000000 3.321120501 4.883329868 1.502314091 0.797617376 -0.165604532 0.559475243 -0.152869537
1403636664613555456.000000 3.529754162 5.007340908 1.419952631 0.792445421 -0.165991619 0.571921229 -0.131844699
1403636664913555456.000000 3.714095354 5.161283493 1.363931656 0.797167957 -0.158536136 0.569433570 -0.123023011
1403636665063555584.000000 3.800578594 5.245088577 1.359741211 0.804703891 -0.158292919 0.560075343 -0.117090903
1403636665363555584.000000 3.970148087 5.416084766 1.392423987 0.802659392 -0.165094182 0.564158618 -0.101027913
1403636665513555456.000000 4.054397106 5.493732452 1.412177205 0.804918110 -0.158177570 0.560704172 -0.112682462
1403636665713555456.000000 4.161614418 5.600485325 1.441191912 0.806465149 -0.151882753 0.557198346 -0.126788795
1403636665913555456.000000 4.272606373 5.717844009 1.474964499 0.797162473 -0.162639931 0.569493115 -0.117292769
1403636666113555456.000000 4.377176285 5.838046551 1.497101665 0.794239104 -0.173162475 0.572628021 -0.106282301
1403636667313555456.000000 4.800008774 6.411263466 1.524502039 0.799797475 -0.153832600 0.568992376 -0.113608748
1403636668163555584.000000 5.093474865 6.690885544 1.473552704 0.809363306 -0.163231656 0.554137588 -0.105914034
1403636668363555584.000000 5.174579144 6.740070820 1.439465284 0.811349273 -0.163402811 0.549306810 -0.115211435
1403636668763555584.000000 5.359619617 6.847834587 1.345051169 0.806983888 -0.162627131 0.552271008 -0.131629094
1403636668963555584.000000 5.467501163 6.915459156 1.313834906 0.800476253 -0.154321596 0.560507894 -0.145784676
1403636669363555584.000000 5.669328213 7.120774746 1.294894338 0.793173254 -0.167708442 0.570594907 -0.131039321
1403636669563555584.000000 5.752661705 7.241547108 1.262364030 0.786897242 -0.166563049 0.579425037 -0.131589204
1403636669763555584.000000 5.819314957 7.375298977 1.231840134 0.775945544 -0.163070500 0.594710469 -0.132799491
1403636669963555584.000000 5.857839108 7.521872520 1.224106550 0.776710808 -0.190276667 0.593947768 -0.087982275
1403636670163555584.000000 5.858466625 7.648423195 1.242143393 0.780454934 -0.198920384 0.588911831 -0.067107655
1403636670363555584.000000 5.824027538 7.736405849 1.264659286 0.770878851 -0.201798782 0.602964222 -0.038170863
1403636670563555584.000000 5.743656635 7.772405624 1.275771976 0.777079582 -0.186628848 0.601014197 -0.009941258
1403636670763555584.000000 5.618881226 7.739958286 1.313475847 0.784375489 -0.151006415 0.601412535 0.015962474
1403636671563555584.000000 4.777677536 6.879094124 1.581371427 0.824125230 0.074814461 0.557823420 0.063666083
1403636673063555584.000000 4.161570549 5.525437355 1.818355918 0.817285001 0.133770108 0.556170940 0.069460809
1403636673613555456.000000 4.226834297 5.503355980 1.822049737 0.823822916 0.176408738 0.531358004 0.088623427
1403636674263555584.000000 4.429853916 5.741014957 1.800454378 0.803175151 0.172410443 0.560743868 0.103683740
1403636674563555584.000000 4.507662773 5.905097485 1.721470952 0.800520122 0.168016508 0.556983769 0.143898502
1403636675513555456.000000 4.923677444 6.352958679 1.539318800 0.795338035 0.230676785 0.545729220 0.128082544
1403636676263555584.000000 5.320424080 6.915057182 1.396854758 0.753415406 0.327492148 0.527207136 0.217178866
1403636676763555584.000000 5.498035908 7.319650173 1.310936928 0.717340887 0.404055834 0.496745795 0.274598658
1403636677013555456.000000 5.569403648 7.539567947 1.320803642 0.713049769 0.408784807 0.487253398 0.295023501
1403636679013555456.000000 5.801877499 8.697411537 1.307930470 0.503584504 0.646889627 0.391355693 0.418063432
1403636679513555456.000000 5.708977699 8.830877304 1.283094645 0.436873317 0.682067275 0.312075526 0.496522337
1403636679763555584.000000 5.672403336 8.862879753 1.321799636 0.411780745 0.702348650 0.290312827 0.502852380
1403636680013555456.000000 5.649763584 8.880943298 1.406872511 0.390502572 0.705318630 0.306029797 0.506338418
1403636680513555456.000000 5.564943790 8.791980743 1.562975287 0.378744185 0.715958416 0.336946100 0.480024546
1403636680763555584.000000 5.462957382 8.677158356 1.585956812 0.396296114 0.710676610 0.322143644 0.483850807
1403636681013555456.000000 5.331449509 8.537838936 1.580702186 0.427918613 0.707299709 0.282417655 0.486675382
1403636681263555584.000000 5.199162006 8.419283867 1.553744078 0.420944452 0.712169588 0.291739672 0.480112433
1403636681513555456.000000 5.057753563 8.317996979 1.552753925 0.412517726 0.701037347 0.300190091 0.498258442
1403636682213555456.000000 4.653521538 7.979645252 1.590691686 0.406202078 0.704304814 0.293348819 0.502892196
1403636682663555584.000000 4.401032925 7.740625858 1.608713746 0.408330590 0.703956604 0.297439218 0.499240160
1403636682913555456.000000 4.261352062 7.609498024 1.614426374 0.407878250 0.698107362 0.305040270 0.503220916
1403636683163555584.000000 4.122868061 7.461209297 1.639087677 0.406765819 0.699440837 0.307492703 0.500771165
1403636684563555584.000000 3.394681692 6.549276829 1.648481011 0.402513504 0.702558219 0.281659484 0.514842033
1403636684963555584.000000 3.248099089 6.291278839 1.616868496 0.397455215 0.704294920 0.287464619 0.513187826
1403636685363555584.000000 3.134465933 6.013996601 1.615146041 0.399647385 0.712348342 0.296258122 0.495047927
1403636685563555584.000000 3.071572304 5.871029377 1.625578284 0.405606002 0.709315360 0.293991029 0.495907813
1403636687063555584.000000 2.534668922 4.883461475 1.559227347 0.413111240 0.704912364 0.282166094 0.502811313
1403636688463555584.000000 2.211901903 4.208827496 1.352604985 0.403883755 0.706948280 0.286926627 0.504751682
1403636689063555584.000000 2.063389540 3.900353432 1.198913217 0.390416056 0.721617043 0.277283430 0.499957919
1403636689263555584.000000 1.992798805 3.801654816 1.192014813 0.387323976 0.726862133 0.262674391 0.502646208
1403636689463555584.000000 1.919862151 3.717142820 1.217165589 0.382645130 0.729847789 0.257318079 0.504670024
1403636689663555584.000000 1.848252535 3.642963171 1.268828869 0.385487229 0.733257294 0.248494625 0.501979113
1403636689863555584.000000 1.776581168 3.587555170 1.311647177 0.398141742 0.732159853 0.232487783 0.501372099
1403636690063555584.000000 1.709652305 3.564813852 1.340743184 0.403137743 0.724916816 0.230475381 0.508779168
1403636690263555584.000000 1.654266477 3.573342085 1.361326456 0.396319926 0.731508613 0.244449079 0.498066425
1403636690513555456.000000 1.582953095 3.619799137 1.410039186 0.395689368 0.728932381 0.247472823 0.500844002
1403636690713555456.000000 1.525718689 3.678964376 1.432465315 0.406217813 0.717490613 0.232505098 0.515882969
1403636690913555456.000000 1.487287402 3.759383678 1.408066630 0.413824022 0.698366642 0.220583305 0.540718198
1403636691113555456.000000 1.495655537 3.860192299 1.383486390 0.405170828 0.679265797 0.229339406 0.567307353
1403636691313555456.000000 1.572016835 3.956898451 1.392831326 0.379316270 0.684476554 0.263404161 0.564117730
1403636691713555456.000000 1.831456661 4.085656643 1.490597963 0.371427894 0.721305847 0.262339175 0.522433460
1403636691913555456.000000 1.972181439 4.136000156 1.545762181 0.369970381 0.724132538 0.262365371 0.519536912
1403636692113555456.000000 2.112105608 4.178634644 1.584622145 0.370664477 0.717842817 0.261899292 0.527937889
1403636692313555456.000000 2.252629042 4.214250088 1.639966607 0.368650109 0.722408414 0.267250031 0.520384610
1403636692513555456.000000 2.392306089 4.236984253 1.724281549 0.369172305 0.724871218 0.270127356 0.515076518
1403636693213555456.000000 2.768771887 4.264608383 2.036202192 0.370108694 0.734779596 0.274035335 0.498018771
1403636693463555584.000000 2.836774349 4.262930393 2.085182428 0.382183760 0.740720809 0.252792418 0.491288185
1403636693713555456.000000 2.879242420 4.287256718 2.113159180 0.388824284 0.748703182 0.240821809 0.479858339
1403636693963555584.000000 2.892064095 4.352230072 2.132354498 0.377143234 0.732799888 0.255565286 0.505423665
1403636694213555456.000000 2.894858837 4.427548885 2.138626337 0.370081574 0.721944928 0.263229877 0.522058487
1403636694513555456.000000 2.903008223 4.504681110 2.170474768 0.372869194 0.728710115 0.258516490 0.512951136
1403636694813555456.000000 2.908734083 4.578483105 2.171131134 0.374143779 0.725941420 0.260434866 0.514974415
1403636695263555584.000000 2.933868647 4.693696976 2.130058765 0.381667882 0.723065197 0.259461820 0.513989568
1403636695963555584.000000 2.989999771 4.855901718 2.154172421 0.382549971 0.722206652 0.271020710 0.508547366
1403636696263555584.000000 2.998435259 4.906166553 2.110870838 0.383616507 0.728659153 0.274060041 0.496774822
1403636696663555584.000000 2.988253117 4.952078819 2.069458723 0.384640306 0.711857975 0.276612937 0.518454015
1403636697663555584.000000 2.907219172 4.811113834 2.133229733 0.393712968 0.718451023 0.287215829 0.496311575
1403636700213555456.000000 2.197472095 4.190925121 1.964184403 0.713634372 0.403608382 0.482506365 0.308243066
1403636700513555456.000000 2.224991798 4.138462067 1.870778322 0.723406136 0.387158275 0.486779600 0.299728870
1403636700863555584.000000 2.291913271 4.061138153 1.738734603 0.730299652 0.364011765 0.509518564 0.273036242
1403636701213555456.000000 2.360545874 3.978774071 1.683084965 0.743360937 0.368508667 0.494968861 0.258111835
1403636702313555456.000000 2.674432278 3.850604773 1.652066588 0.763858795 0.301239669 0.525382638 0.223040909
1403636703863555584.000000 3.238991022 3.897291422 1.293883681 0.767596900 0.285958260 0.534305274 0.208663777
1403636704163555584.000000 3.358824492 3.910775423 1.261729598 0.767770231 0.286232799 0.530705214 0.216682851
1403636704463555584.000000 3.483643055 3.920249939 1.217283010 0.772707999 0.297528058 0.521640420 0.205647096
1403636704763555584.000000 3.620421410 3.951966286 1.214093208 0.778715670 0.305795819 0.511422157 0.196310967
1403636705063555584.000000 3.780426264 4.028614521 1.165068626 0.784850121 0.313131303 0.499285966 0.191500425
1403636705363555584.000000 3.969994307 4.163881302 1.119876266 0.763682365 0.308969110 0.529446661 0.202517301
1403636705663555584.000000 4.154742718 4.331387520 1.087805748 0.771955609 0.310418844 0.518062294 0.198333070
1403636706013555456.000000 4.376705170 4.562165737 1.035139084 0.764488876 0.293514639 0.528177142 0.224577293
1403636706363555584.000000 4.605890274 4.767469883 1.008755207 0.758158982 0.304881215 0.534127235 0.216679737
1403636706663555584.000000 4.790689468 4.928357124 0.961175442 0.760476291 0.314994365 0.530056298 0.203701839
1403636707013555456.000000 4.995786667 5.149014950 0.968882561 0.766913474 0.311019599 0.524645150 0.199644312
1403636707313555456.000000 5.165293694 5.363348484 0.996465206 0.767153859 0.304394424 0.530265212 0.194005132
1403636707963555584.000000 5.519293785 5.905151844 1.112781644 0.773583293 0.291554689 0.521834373 0.210365027
1403636708563555584.000000 5.880462646 6.399839878 0.994035721 0.764211297 0.281339169 0.528276622 0.240317971
1403636708863555584.000000 6.078536034 6.592216492 0.953284264 0.754215777 0.298858404 0.546284080 0.208364159
1403636709163555584.000000 6.239979744 6.769596577 0.921719432 0.750847399 0.293429315 0.557450891 0.198433429
1403636709463555584.000000 6.346379280 6.944584846 0.931857049 0.760853529 0.294250429 0.546196818 0.190229893
1403636710363555584.000000 6.451459408 7.568521976 0.851190209 0.758302033 0.299114555 0.539321840 0.211282626
1403636710663555584.000000 6.438430786 7.789883137 0.768404245 0.752596259 0.311571181 0.523254156 0.250453860
1403636710963555584.000000 6.434395313 7.977487564 0.692714810 0.725869775 0.365968406 0.519799054 0.262657881
1403636711263555584.000000 6.416612148 8.144016266 0.669863105 0.708364904 0.397634298 0.519195855 0.265596628
1403636711563555584.000000 6.359173298 8.294792175 0.679429173 0.696308196 0.386436224 0.533558071 0.284846425
1403636712163555584.000000 6.110476971 8.479106903 0.754303932 0.717715681 0.369305015 0.511717021 0.294352889
1403636712413555456.000000 5.991575241 8.509892464 0.829084158 0.697394431 0.401635438 0.517517090 0.290699303
1403636712713555456.000000 5.824286938 8.518663406 0.938107014 0.676914394 0.420847386 0.516381979 0.313087165
1403636713163555584.000000 5.527149677 8.445928574 1.028874040 0.677824199 0.430964053 0.502787292 0.319419801
1403636713463555584.000000 5.313668728 8.349234581 1.136098027 0.684426785 0.430846423 0.494128168 0.319011688
1403636713763555584.000000 5.106242657 8.231055260 1.254695654 0.695768118 0.421470702 0.482215017 0.325172931
1403636714363555584.000000 4.778649330 7.941240311 1.351558566 0.699937880 0.415729076 0.488702953 0.313728958
1403636715513555456.000000 4.397068977 7.503944874 1.486747026 0.634698629 0.521952152 0.428339541 0.375830501
1403636716013555456.000000 4.328600883 7.397326469 1.490125537 0.617941678 0.508362710 0.460444510 0.384325415
1403636716513555456.000000 4.272848129 7.192868710 1.541736245 0.639722645 0.505275607 0.447175503 0.368083388
1403636716863555584.000000 4.236416817 7.035720825 1.508084774 0.621808887 0.525757968 0.438566953 0.380251229
1403636717563555584.000000 4.149334908 6.700118065 1.527899384 0.554539442 0.597691596 0.412926674 0.405885160
1403636717913555456.000000 4.056986809 6.529346943 1.497011542 0.546925306 0.605553031 0.407262266 0.410262436
1403636718263555584.000000 3.899201870 6.352234364 1.503358364 0.516622901 0.632946074 0.372636974 0.440024793
1403636718563555584.000000 3.741836071 6.196117401 1.463989854 0.495017141 0.651081204 0.339330703 0.464656383
1403636718863555584.000000 3.598162174 6.054611683 1.388053775 0.479248673 0.663977504 0.320473760 0.476183951
1403636719813555456.000000 3.255143642 5.626060486 1.286952496 0.477375597 0.660576522 0.330024004 0.476272225
1403636720163555584.000000 3.169025898 5.451751232 1.286079407 0.484569550 0.659308672 0.330365002 0.470492482
1403636720513555456.000000 3.101282597 5.300344944 1.235250950 0.484920591 0.659513175 0.326710284 0.472392440
1403636720813555456.000000 3.064008474 5.186829090 1.227058649 0.486850113 0.658069074 0.327485979 0.471884340
1403636721163555584.000000 3.046994925 5.078908443 1.213776827 0.515806973 0.630563498 0.352638304 0.460411817
1403636722463555584.000000 3.090371609 4.645330429 1.188729286 0.553604543 0.597830236 0.392129242 0.427031308
1403636722813555456.000000 3.083332300 4.515829086 1.169665456 0.559315920 0.593815267 0.399235010 0.418521672
1403636723213555456.000000 3.056380033 4.361857891 1.197790980 0.562866747 0.589716136 0.395834923 0.422764868
1403636724413555456.000000 2.937067509 3.889054298 1.183387995 0.632477582 0.523127794 0.438374281 0.366247565
1403636726313555456.000000 2.741776466 3.448410749 1.493241429 0.644101918 0.502469301 0.451133907 0.359354317
1403636726813555456.000000 2.721152306 3.365434885 1.553370833 0.643332243 0.495195448 0.445015401 0.377976596
1403636727813555456.000000 2.701248646 3.110408545 1.861021161 0.627235413 0.517276525 0.453691363 0.364917636
1403636728313555456.000000 2.588491678 2.966732264 2.012425900 0.627832115 0.514123023 0.454897970 0.366840422
1403636728813555456.000000 2.447710037 2.803817034 2.040492296 0.618153214 0.527498364 0.441637129 0.380247861
1403636729713555456.000000 2.179982185 2.425391674 2.093795538 0.589755416 0.557279170 0.425705165 0.400503784
1403636730113555456.000000 2.045421839 2.229730129 2.124716282 0.596700370 0.561211169 0.417256624 0.393557221
1403636730513555456.000000 1.910268784 2.047213554 2.094822168 0.600035250 0.565821409 0.410126179 0.389358610
1403636730863555584.000000 1.799771786 1.938207626 2.134806395 0.605901003 0.569525242 0.400518984 0.384849042
1403636732363555584.000000 1.674005270 1.735087633 2.016834736 0.592534602 0.555906713 0.421019912 0.403252244
1403636732863555584.000000 1.646932006 1.604988456 2.024641514 0.576680541 0.556391537 0.439704597 0.405620068
1403636733313555456.000000 1.544488192 1.404854894 2.065937757 0.582317352 0.563970625 0.428639114 0.398888260
1403636734113555456.000000 1.292487741 1.021283865 2.189466715 0.585285366 0.565835714 0.422663927 0.398278952
1403636734913555456.000000 1.004507780 0.659301519 2.284103632 0.590096593 0.572973609 0.406549901 0.397749275
1403636737513555456.000000 0.271597385 0.126045257 2.490007639 0.553353846 0.605418265 0.383346796 0.424633384
1403636737963555584.000000 0.139340907 0.055680793 2.558362722 0.563077807 0.600600243 0.367893815 0.432292283
1403636738463555584.000000 0.069817260 0.025541510 2.700251818 0.563685894 0.597680032 0.379132539 0.425787598
1403636739363555584.000000 0.140594095 0.045804940 2.592225790 0.672717512 0.463637650 0.466232628 0.339291155
1403636739763555584.000000 0.228694975 0.036979932 2.539693832 0.708374918 0.407442242 0.492093056 0.300066888
1403636740513555456.000000 0.378736794 0.035552368 2.361791849 0.703807473 0.409571171 0.496365577 0.300878167
1403636741213555456.000000 0.480372012 0.000930801 2.142882109 0.696476758 0.413317949 0.509206057 0.291199297
1403636741563555584.000000 0.496620417 -0.038815226 1.979626298 0.724149406 0.395427793 0.486014992 0.288156241
1403636741913555456.000000 0.530391276 -0.067131840 1.891311288 0.716941297 0.402288347 0.495380878 0.280636817
1403636742613555456.000000 0.600756228 -0.031791329 1.762622118 0.707883477 0.411729962 0.491502851 0.296317458
1403636743113555456.000000 0.652206898 0.013668858 1.645104170 0.714797258 0.407083631 0.486595124 0.294232339
1403636743813555456.000000 0.818512022 0.163291574 1.473379016 0.720985234 0.394694030 0.496160120 0.279681742
1403636744863555584.000000 1.116544008 0.465126663 0.835164189 0.725239396 0.355774343 0.519339621 0.278816730
1403636745913555456.000000 1.371124029 0.570581377 0.530393720 0.721785367 0.365686268 0.525111139 0.263737500
1403636746263555584.000000 1.389333725 0.599106133 0.603960991 0.722293139 0.357976615 0.538263023 0.245801061
1403636746713555456.000000 1.300126314 0.633588016 0.663753510 0.745340109 0.357293487 0.502144992 0.254282922
1403636747063555584.000000 1.237828255 0.676991284 0.661632001 0.745452404 0.358060241 0.494253397 0.267968357
1403636747413555456.000000 1.224521041 0.744615197 0.741926312 0.730288267 0.363761842 0.518222570 0.256518006
1403636747763555584.000000 1.196890473 0.830417812 0.820593834 0.736872911 0.357479334 0.515832961 0.251282662
1403636748163555584.000000 1.158102512 0.946250081 0.963980377 0.747975528 0.329601854 0.506326556 0.274824351
1403636748613555456.000000 1.160974622 1.051660061 1.061442494 0.739120007 0.346668243 0.520524740 0.250153303
1403636748963555584.000000 1.167975545 1.130585670 1.150854111 0.745511711 0.328238457 0.515467286 0.266017377
1403636749413555456.000000 1.220691562 1.176972270 1.235787153 0.743583083 0.327294737 0.526194155 0.251160681
1403636749763555584.000000 1.264330029 1.183685541 1.339081764 0.735787630 0.337840438 0.535607100 0.240010902
1403636750263555584.000000 1.250735760 1.172306657 1.393128157 0.728901863 0.342334181 0.534702063 0.256131232
1403636750763555584.000000 1.170165896 1.115860224 1.578922868 0.729155719 0.358608067 0.522206783 0.258905739
1403636751263555584.000000 1.060806513 1.061797976 1.859541774 0.737512767 0.365882397 0.510346055 0.248499095
1403636751763555584.000000 0.965292335 1.047736883 2.073579550 0.740992963 0.355959326 0.496943563 0.277973682
1403636752263555584.000000 0.966815233 1.040131807 2.247054577 0.726155937 0.381203681 0.503204942 0.272334218
1403636752763555584.000000 0.985845208 1.056078196 2.442566156 0.681625187 0.448305726 0.480632752 0.321559846
1403636753263555584.000000 0.975519419 1.059290051 2.498083115 0.611720502 0.543534636 0.445110619 0.363653988
1403636753763555584.000000 0.884386897 1.070032597 2.492673874 0.578456819 0.573105156 0.416456074 0.404353619
1403636754263555584.000000 0.758780599 1.044010878 2.506670475 0.576821923 0.562178195 0.431935936 0.405787230
1403636755263555584.000000 0.330584824 0.786468387 2.565775871 0.532077610 0.613495409 0.391389340 0.432817549
1403636755763555584.000000 0.059104830 0.594210982 2.620657921 0.540045619 0.618483126 0.383348346 0.422933698
1403636756263555584.000000 -0.240067840 0.434242904 2.642863035 0.536600828 0.610689700 0.389373213 0.433019370
1403636756713555456.000000 -0.518848896 0.281399310 2.662875414 0.532547176 0.611231387 0.389334887 0.437273085
1403636757113555456.000000 -0.762980521 0.103363872 2.698263407 0.531525373 0.611552179 0.386091322 0.440928400
1403636757513555456.000000 -0.999907851 -0.107738450 2.692890644 0.529544294 0.620318115 0.384643763 0.432246894
1403636757913555456.000000 -1.260122776 -0.306982815 2.737440586 0.526858747 0.647536457 0.352162689 0.423199177
1403636758313555456.000000 -1.535265088 -0.432533801 2.833655119 0.510484040 0.632042050 0.363033593 0.456218660
1403636758713555456.000000 -1.782946587 -0.544317365 2.821643353 0.539162576 0.638978899 0.322724342 0.443687707
1403636759063555584.000000 -1.943719625 -0.567556918 2.792168856 0.517789185 0.627899587 0.356164515 0.459111065
1403636759413555456.000000 -2.047100306 -0.590568841 2.721223593 0.526511133 0.617184162 0.340840787 0.475076109
1403636759763555584.000000 -2.067200184 -0.623614192 2.640682459 0.509395897 0.631203175 0.361710399 0.459634513
1403636760113555456.000000 -2.074073315 -0.673659205 2.613999605 0.518993080 0.641448140 0.349048316 0.444247305
1403636760463555584.000000 -2.078079700 -0.707879007 2.570828438 0.509190440 0.631355047 0.363674998 0.458100766
1403636760813555456.000000 -2.080343485 -0.751698315 2.515820742 0.509764731 0.643918693 0.360708088 0.442038625
1403636761163555584.000000 -2.108137131 -0.792501330 2.467938423 0.516712904 0.649913847 0.348385960 0.435025126
1403636761513555456.000000 -2.161336660 -0.795358598 2.443751335 0.512089491 0.644456267 0.354864836 0.443296075
1403636761863555584.000000 -2.218661070 -0.779170275 2.452957392 0.519459724 0.626037836 0.347384810 0.466435283
1403636762163555584.000000 -2.237028360 -0.772776008 2.476520538 0.500945210 0.642663181 0.376774102 0.440544218
1403636762513555456.000000 -2.291125774 -0.766856194 2.469582319 0.527016163 0.641781986 0.342192650 0.439629436
1403636762813555456.000000 -2.334126711 -0.731539488 2.393024445 0.522679806 0.624612868 0.347568601 0.464608043
1403636763113555456.000000 -2.299242258 -0.763345838 2.374888897 0.542221248 0.595777988 0.369674027 0.463018030
1403636763413555456.000000 -2.296970606 -0.775155723 2.355832577 0.552239954 0.587336063 0.368668467 0.462764293
1403636763663555584.000000 -2.297506571 -0.792439520 2.340136528 0.552031100 0.587178111 0.369091332 0.462876797
1403636763813555456.000000 -2.297474861 -0.804956555 2.330687761 0.552384079 0.586865604 0.368704498 0.463160306
