1403636579763555584.000000 0.000000000 0.000000000 0.000000000 0.000000000 0.000000000 0.000000000 1.000000000
1403636579913555456.000000 0.000041388 0.010422552 0.004155373 0.006363736 -0.005826543 0.002665902 0.999959230
1403636579963555584.000000 -0.000078749 0.014875102 0.005465184 0.012582846 -0.005745283 0.002694447 0.999900699
1403636580163555584.000000 -0.000633377 0.033871949 0.010844339 0.025859734 -0.005163156 -0.003237671 0.999647021
1403636580263555584.000000 -0.000833236 0.042280089 0.012959143 0.030797770 -0.004542626 -0.002783699 0.999511421
1403636580363555584.000000 -0.001132351 0.049403638 0.014334349 0.040393133 -0.003610129 0.000213032 0.999177337
1403636580513555456.000000 -0.001560565 0.056049567 0.015112635 0.065279454 -0.002903537 0.002205771 0.997860372
1403636580663555584.000000 -0.002041460 0.050391413 0.013214717 0.073238902 -0.000175588 0.000604880 0.997314215
1403636583913555456.000000 0.002866261 0.045370139 0.013997339 0.060612630 -0.031589694 0.006495617 0.997640193
1403636586313555456.000000 0.001276317 0.020306271 -0.002064859 0.157171160 -0.042922828 -0.009890290 0.986588597
1403636586513555456.000000 0.001313406 0.020700900 -0.006439646 0.195815951 -0.044178393 -0.014581209 0.979536533
1403636586963555584.000000 0.006897490 0.018548153 -0.007261002 0.187858671 -0.031307731 -0.011336693 0.981631517
1403636587763555584.000000 0.037073713 0.014904195 0.000952147 0.189245880 -0.041443292 -0.022297235 0.980801344
1403636587963555584.000000 0.050920792 0.014446376 0.002344704 0.190339342 -0.055929132 -0.028170675 0.979718983
1403636588163555584.000000 0.061274495 0.015685599 0.003362772 0.206144884 -0.066972807 -0.030994235 0.975734770
1403636588413555456.000000 0.065780699 0.016791511 0.003888369 0.200495914 -0.062037725 -0.034235381 0.977128804
1403636589663555584.000000 -0.018712360 0.017791986 -0.007204779 0.193074763 -0.018563217 -0.011467068 0.980941415
1403636589863555584.000000 -0.034939893 0.019945748 -0.008433570 0.197567865 -0.005682981 -0.008343220 0.980237246
1403636590063555584.000000 -0.046484716 0.021742197 -0.009245790 0.199622437 0.011596465 -0.007862159 0.979772747
1403636590763555584.000000 -0.024624096 0.019127132 -0.011958982 0.189163715 -0.010580202 -0.003269208 0.981883109
1403636591013555456.000000 -0.002722065 0.019034887 -0.010372687 0.198738217 -0.016387625 -0.009495127 0.979869604
1403636591263555584.000000 0.017642973 0.018620236 -0.007991313 0.199280351 -0.016659444 -0.014894660 0.979687691
1403636591463555584.000000 0.028613256 0.020086352 -0.005446834 0.202291429 -0.024286030 -0.019457854 0.978830814
1403636591663555584.000000 0.035054576 0.021839283 -0.001471144 0.182247967 -0.047985837 -0.021264182 0.981850743
1403636591863555584.000000 0.037778832 0.021539435 0.001890830 0.142013013 -0.070532829 -0.019075513 0.987164378
1403636592063555584.000000 0.041008491 0.020120025 0.005725854 0.143229321 -0.088968627 -0.031186692 0.985188961
1403636592313555456.000000 0.047171898 0.017536506 0.015525207 0.164541945 -0.103774570 -0.043826368 0.979916334
1403636592813555456.000000 0.032816924 0.009308902 0.041679479 0.152527824 -0.026658369 -0.017762722 0.987779856
1403636593563555584.000000 -0.031100087 0.023000082 0.005886649 0.181222185 0.102726571 0.005916509 0.978044331
1403636593813555456.000000 -0.022100106 0.031573601 -0.011670405 0.198136687 0.050505497 -0.021053217 0.978645921
1403636594063555584.000000 0.000517140 0.034270417 -0.022430193 0.177094668 -0.049095742 -0.055734545 0.981387138
1403636594313555456.000000 0.027499083 0.033035774 -0.016885770 0.175368682 -0.120482884 -0.073997431 0.974296689
1403636594563555584.000000 0.051089730 0.026935104 0.001953356 0.157393336 -0.142033949 -0.063769713 0.975185692
1403636596163555584.000000 0.026881902 0.041870747 -0.014102120 0.174793318 -0.056450125 -0.019354697 0.982795060
1403636596413555456.000000 0.016974585 0.043343887 -0.031082664 0.166984856 -0.067880280 -0.030158229 0.983157575
1403636596663555584.000000 0.000338917 0.044190880 -0.046240784 0.160089388 -0.063249253 -0.019076603 0.984889328
1403636597063555584.000000 0.000899627 0.040629227 -0.030257504 0.161454111 -0.063248530 -0.003309883 0.984845817
1403636597313555456.000000 0.008892783 0.031115498 -0.002052858 0.174422383 -0.035709083 0.007028094 0.983998120
1403636598313555456.000000 -0.005194058 0.037185278 -0.002689671 0.182577386 0.067092955 0.053728301 0.979427040
1403636598613555456.000000 0.001393882 0.043482371 0.003570244 0.173882261 0.061761551 0.058205456 0.981102765
1403636599363555584.000000 0.008952909 0.053964499 0.042984087 0.009132804 0.102993384 0.033220112 0.994085193
1403636599663555584.000000 0.009571753 0.057747230 0.048392598 0.010842951 0.083203562 0.032320935 0.995949268
1403636600513555456.000000 0.010841936 0.058616798 0.048494861 -0.018276591 0.085838698 0.018409304 0.995971262
1403636624463555584.000000 0.012285282 0.058882572 0.047836881 -0.001600097 0.077204354 0.018907100 0.996834695
1403636624813555456.000000 0.019192796 0.060414154 0.044112816 0.004762672 0.065744855 0.037438214 0.997122526
1403636625113555456.000000 0.027096264 0.055917650 0.034697071 0.037829556 0.056432761 0.070680402 0.995182693
1403636627013555456.000000 0.028167227 -0.001563901 0.034202307 0.010597043 0.081332050 0.054186568 0.995156586
1403636627513555456.000000 0.036759607 -0.008940727 0.025527321 0.006781400 0.081512712 0.048160389 0.995484948
1403636627913555456.000000 0.046582319 -0.006415338 0.022151465 0.038646173 0.040664628 0.039958045 0.997625291
1403636628663555584.000000 0.063801467 -0.030994136 0.030415839 0.005671111 0.028260814 0.013407030 0.999494553
1403636628963555584.000000 0.078393288 -0.032925520 0.034764841 0.023503114 0.006249771 0.023828896 0.999420226
1403636629263555584.000000 0.094000205 -0.041945443 0.040289976 0.025731852 -0.017415676 0.017882848 0.999357164
1403636629813555456.000000 0.129184425 -0.042306487 0.061561279 0.033649292 -0.092766874 -0.018465716 0.994947791
1403636630063555584.000000 0.150548935 -0.037711591 0.078759238 0.035955843 -0.137246594 -0.030672848 0.989408791
1403636630313555456.000000 0.172581360 -0.045288011 0.096161306 0.007619931 -0.155827478 -0.032733262 0.987212360
1403636630513555456.000000 0.190302938 -0.055474877 0.107558101 0.014324671 -0.157885224 -0.030067820 0.986895621
1403636630713555456.000000 0.206828251 -0.066569850 0.119021729 0.019329574 -0.155475795 -0.020370964 0.987440467
1403636630963555584.000000 0.225885749 -0.076978989 0.136485666 0.019291008 -0.146742359 -0.026338933 0.988635838
1403636631913555456.000000 0.291767448 -0.086615101 0.215306357 0.015232884 -0.140225425 -0.015296333 0.989884257
1403636632713555456.000000 0.324591190 -0.095240057 0.276569873 0.032138761 -0.116118975 -0.031759705 0.992207050
1403636633213555456.000000 0.342837006 -0.106034257 0.321890742 0.018789232 -0.037220888 0.021567343 0.998897612
1403636633563555584.000000 0.355243862 -0.109123670 0.358531922 0.030630348 -0.024750056 0.011891819 0.999153554
1403636633813555456.000000 0.364427954 -0.113163300 0.388787389 0.033223785 -0.030960713 0.008159715 0.998934925
1403636634363555584.000000 0.392347544 -0.140856966 0.459587634 0.022096075 -0.034667563 0.006539492 0.999133229
1403636634613555456.000000 0.408143342 -0.153788805 0.493801296 0.007750489 -0.031849477 0.017105978 0.999316216
1403636634863555584.000000 0.422349453 -0.162919313 0.526909471 0.012977632 -0.014720509 0.026161473 0.999465108
1403636635163555584.000000 0.435958028 -0.178615004 0.563143551 0.021680070 -0.000397290 0.033993632 0.999186814
1403636635463555584.000000 0.447725266 -0.189027667 0.602101803 0.028072709 0.008760707 0.023777436 0.999284625
1403636635763555584.000000 0.460159749 -0.209793434 0.642022550 0.022995064 0.009551911 0.015362914 0.999571919
1403636636063555584.000000 0.476839304 -0.240294099 0.680362105 0.030931545 0.008131372 0.009178817 0.999446273
1403636636363555584.000000 0.497700632 -0.273767442 0.720504344 0.008171915 0.001040361 0.029446408 0.999532402
1403636636613555456.000000 0.515729249 -0.299782336 0.750485122 -0.012246184 -0.002014351 0.041143864 0.999076128
1403636636913555456.000000 0.530495822 -0.313433021 0.784293115 -0.006475727 -0.007896326 0.061036572 0.998083293
1403636637263555584.000000 0.536065042 -0.315205395 0.817781448 0.013828953 0.006137822 0.033412885 0.999327123
1403636637663555584.000000 0.538826644 -0.327900052 0.849310338 0.024662307 0.011486231 0.032611385 0.999097764
1403636637963555584.000000 0.538285375 -0.351112455 0.871771336 0.014195057 0.013542909 0.033860076 0.999234021
1403636638313555456.000000 0.538825631 -0.361017108 0.901856422 0.008216006 0.016494079 0.032021414 0.999317288
1403636638663555584.000000 0.541738331 -0.358988881 0.935891688 0.048459440 0.021090714 0.020622160 0.998389482
1403636638963555584.000000 0.548382998 -0.374217927 0.970573843 0.025210764 0.021482013 0.024323341 0.999155283
1403636639263555584.000000 0.558354974 -0.390426010 1.007883787 0.025908403 0.030159960 -0.000471602 0.999209166
1403636639613555456.000000 0.580973804 -0.390032232 1.060932636 0.020431003 0.016544793 0.042356770 0.998756588
1403636640263555584.000000 0.615533829 -0.407944918 1.144577265 0.004236360 0.040246096 0.043748535 0.998222589
1403636640613555456.000000 0.630066633 -0.420798302 1.179868460 0.005688252 0.054697994 0.050205715 0.997223735
1403636641063555584.000000 0.646968842 -0.428802401 1.218093038 0.009404151 0.057676498 0.052231524 0.996923685
1403636641663555584.000000 0.664519608 -0.429926574 1.263120890 0.008190396 0.055349641 0.045198526 0.997409880
1403636642813555456.000000 0.698127091 -0.447237104 1.305825591 0.022910379 -0.003001260 0.024270335 0.999438405
1403636643163555584.000000 0.706879854 -0.451812357 1.317159534 0.015493433 -0.002367188 0.020800468 0.999660790
1403636643763555584.000000 0.727018416 -0.464654595 1.338354945 0.038434405 0.002066132 0.024161354 0.998966873
1403636644063555584.000000 0.737026632 -0.479302555 1.357661366 0.049790952 0.001433462 0.028235395 0.998359442
1403636644313555456.000000 0.746583164 -0.487678081 1.383078814 0.028675970 0.006316611 0.013947876 0.999471486
1403636644563555584.000000 0.758156657 -0.490425259 1.413586736 0.003247158 0.013191739 -0.007500663 0.999879599
1403636644813555456.000000 0.777114570 -0.483053654 1.444877267 -0.000051940 0.002551388 0.019763432 0.999801397
1403636645513555456.000000 0.833377242 -0.476390541 1.526262999 0.044430554 -0.005631977 0.025432134 0.998672843
1403636645763555584.000000 0.851222754 -0.482986808 1.566834807 0.037172958 -0.006331003 0.026284700 0.998943031
1403636646013555456.000000 0.867471874 -0.500039220 1.610335946 0.029524198 -0.008846415 0.018256297 0.999358177
1403636646263555584.000000 0.887406170 -0.523551702 1.653023243 0.012027327 -0.046437122 -0.011305047 0.998784840
1403636646513555456.000000 0.911289334 -0.542480290 1.695936084 -0.009935498 -0.111242540 -0.029711653 0.993299365
1403636646813555456.000000 0.941062689 -0.567085266 1.735259771 -0.006881391 -0.151672900 -0.030812906 0.987926364
1403636647063555584.000000 0.965148449 -0.590456963 1.760370731 -0.000344314 -0.158654332 -0.031907815 0.986818433
1403636647463555584.000000 1.001557112 -0.612254918 1.796944857 0.001780430 -0.152557060 -0.035386696 0.987659335
1403636647713555456.000000 1.025471687 -0.621890545 1.816037416 -0.011158595 -0.149009168 -0.039887346 0.987967968
1403636648013555456.000000 1.057130575 -0.630535662 1.831226826 -0.004661254 -0.173736945 -0.041768976 0.983894885
1403636648313555456.000000 1.090533137 -0.627699256 1.844169378 -0.004261462 -0.243584439 -0.066185966 0.967609346
1403636648663555584.000000 1.129825711 -0.614675164 1.851164937 -0.003653627 -0.325200796 -0.094098523 0.940944493
1403636649463555584.000000 1.207732916 -0.638617992 1.845988035 0.005622937 -0.345749348 -0.091499642 0.933838069
1403636649763555584.000000 1.233045578 -0.664400101 1.837236285 -0.010224531 -0.348569036 -0.095173977 0.932382405
1403636650013555456.000000 1.252332687 -0.677192569 1.826386690 -0.012559207 -0.364843488 -0.094314881 0.926194489
1403636650463555584.000000 1.280192733 -0.675458252 1.808236003 -0.006021066 -0.439293623 -0.123400085 0.889807463
1403636650863555584.000000 1.298947573 -0.658639669 1.788541794 0.003081806 -0.493096977 -0.146208555 0.857594848
1403636651413555456.000000 1.311302662 -0.661009133 1.753236532 0.001785387 -0.493213028 -0.142874300 0.858093619
1403636651863555584.000000 1.311411142 -0.654581308 1.724169612 -0.020743437 -0.490667701 -0.148003280 0.858434618
1403636652563555584.000000 1.303252220 -0.604464471 1.661823750 0.012564900 -0.636824846 -0.217045143 0.739721298
1403636652863555584.000000 1.303694725 -0.591528773 1.631332278 0.023863956 -0.653345764 -0.228332937 0.721411049
1403636653113555456.000000 1.311713457 -0.588448524 1.605296016 0.016432239 -0.655614734 -0.216016933 0.723350525
1403636653313555456.000000 1.320842385 -0.581205487 1.586045265 0.003089666 -0.655296326 -0.198250338 0.728885472
1403636653813555456.000000 1.336355567 -0.578172922 1.542475939 -0.006714455 -0.645674825 -0.184281558 0.741012335
1403636654213555456.000000 1.339188218 -0.565013349 1.514939427 -0.011632513 -0.648396969 -0.192881137 0.736371458
1403636654713555456.000000 1.328818917 -0.561182439 1.475074768 0.001445581 -0.703274608 -0.222925708 0.675060630
1403636655163555584.000000 1.316750646 -0.549740553 1.444815397 -0.009769185 -0.726645768 -0.216179729 0.652040482
1403636655313555456.000000 1.310726881 -0.543265343 1.436280727 -0.016880061 -0.730285764 -0.215286955 0.648112059
1403636655463555584.000000 1.302661419 -0.537361741 1.428657532 -0.021731794 -0.738256574 -0.218289003 0.637851834
1403636655763555584.000000 1.279585838 -0.526608407 1.411322713 -0.008659726 -0.754928172 -0.251265109 0.605701506
1403636655913555456.000000 1.267845035 -0.514784336 1.404766440 -0.008508002 -0.767940700 -0.263821840 0.583603263
1403636656063555584.000000 1.256307364 -0.502772450 1.395927429 -0.011204159 -0.782985985 -0.269613057 0.560460746
1403636656363555584.000000 1.234386325 -0.489649057 1.370021224 -0.001391391 -0.795847535 -0.274566859 0.539664567
1403636656563555584.000000 1.221827149 -0.489838719 1.349952340 0.001694790 -0.796931505 -0.273473114 0.538618386
1403636656713555456.000000 1.213327169 -0.489442468 1.333576083 -0.005893685 -0.799369395 -0.260917902 0.541198373
1403636656863555584.000000 1.205051661 -0.486466825 1.317802906 -0.012049841 -0.802159727 -0.245298743 0.544263780
1403636657213555456.000000 1.180070758 -0.469660878 1.288711786 -0.025347304 -0.798284233 -0.242689803 0.550637364
1403636657513555456.000000 1.150109410 -0.456965894 1.263536811 -0.018709319 -0.789832413 -0.267776340 0.551462233
1403636657713555456.000000 1.128788948 -0.444779038 1.246014953 -0.015996478 -0.789075494 -0.271480381 0.550819755
1403636657863555584.000000 1.112513423 -0.433908880 1.232782245 -0.020421615 -0.790270627 -0.277337521 0.546021223
1403636658063555584.000000 1.091412425 -0.419554353 1.210107088 -0.018031646 -0.790207803 -0.286093295 0.541661501
1403636658213555456.000000 1.075483799 -0.411826789 1.190281749 -0.005507947 -0.795574009 -0.277561367 0.538508415
1403636658363555584.000000 1.060507178 -0.402736247 1.168354273 0.004085587 -0.798561156 -0.272535175 0.536663711
1403636658513555456.000000 1.047018647 -0.392417550 1.147423744 0.012456880 -0.800363123 -0.269701570 0.535280049
1403636658863555584.000000 1.022116423 -0.365348488 1.104199648 0.023458131 -0.808007658 -0.249424025 0.533255041
1403636659013555456.000000 1.014912963 -0.353651643 1.088754892 0.009787059 -0.808767676 -0.247537866 0.533407927
1403636659163555584.000000 1.007874012 -0.340972960 1.075837016 -0.000211302 -0.809964538 -0.243768379 0.533417642
1403636659363555584.000000 0.996704340 -0.323041320 1.061892867 0.000466136 -0.808418989 -0.247455984 0.534063756
1403636659463555584.000000 0.990206361 -0.316546023 1.055628061 0.007480606 -0.806083083 -0.253934592 0.534501016
1403636659613555456.000000 0.982052624 -0.309444845 1.045408249 0.009109102 -0.806310296 -0.254227877 0.533993483
1403636659813555456.000000 0.971181750 -0.297010183 1.035040736 0.006177830 -0.809429646 -0.248657197 0.531935215
1403636659963555584.000000 0.963765264 -0.286009669 1.030064344 0.009342254 -0.809259892 -0.253593504 0.529812634
1403636660113555456.000000 0.956573248 -0.273907959 1.027065158 0.017068869 -0.806855738 -0.264247656 0.528077364
1403636660213555456.000000 0.952655256 -0.264838666 1.025763631 0.019377690 -0.806017101 -0.267598212 0.527590930
1403636660313555456.000000 0.949923635 -0.256159604 1.024792433 0.024298280 -0.804529250 -0.273207545 0.526782632
1403636660463555584.000000 0.947648048 -0.246193260 1.022462487 0.034462918 -0.799849689 -0.286805123 0.526113689
1403636660863555584.000000 0.958077729 -0.220522001 1.018136144 0.025344333 -0.814942718 -0.239516407 0.527122259
1403636661013555456.000000 0.963773012 -0.208064154 1.020950794 0.019993296 -0.815560222 -0.236120909 0.527928770
1403636661163555584.000000 0.970463157 -0.196120471 1.027098775 0.009651698 -0.814371169 -0.239952430 0.528326929
1403636661313555456.000000 0.975879371 -0.185211465 1.035193443 0.003125704 -0.813783169 -0.241273612 0.528709948
1403636661513555456.000000 0.982176900 -0.176650941 1.046734691 0.002280776 -0.813005924 -0.243115827 0.529065967
1403636661663555584.000000 0.985227704 -0.174657390 1.055694699 -0.000821060 -0.810818374 -0.247766808 0.530268252
1403636662013555456.000000 0.987694621 -0.182047963 1.075290084 -0.018157251 -0.808503449 -0.250123143 0.532382309
1403636662263555584.000000 0.983239532 -0.192086190 1.086943626 -0.003149450 -0.810692728 -0.244788811 0.531832457
1403636662663555584.000000 0.973096371 -0.196743086 1.113413572 0.003700296 -0.805149555 -0.269032836 0.528528035
1403636662863555584.000000 0.970042288 -0.194993317 1.127696037 -0.015783019 -0.802486181 -0.278164953 0.527627766
1403636663063555584.000000 0.966895819 -0.189373776 1.139466405 -0.012949798 -0.798089743 -0.292807043 0.526449561
1403636663313555456.000000 0.964179635 -0.183745369 1.145372510 0.008697006 -0.800892055 -0.288322330 0.524753690
1403636663663555584.000000 0.971116304 -0.164826006 1.149276137 0.044518508 -0.801036716 -0.286390781 0.523773432
1403636663863555584.000000 0.984487534 -0.154397458 1.152236819 0.057542250 -0.806268990 -0.265568376 0.525445163
1403636664063555584.000000 1.007098913 -0.151864961 1.156673551 0.054807942 -0.812332213 -0.239778504 0.528789937
1403636664263555584.000000 1.034098387 -0.156815216 1.166723251 0.029177606 -0.810887992 -0.235634774 0.534869671
1403636664463555584.000000 1.061516404 -0.155670062 1.183476090 0.014064209 -0.807207704 -0.234477460 0.541514754
1403636664713555456.000000 1.094900370 -0.151012436 1.211176157 -0.004119624 -0.799462080 -0.239551753 0.550870538
1403636665063555584.000000 1.134021401 -0.159262091 1.250331044 0.009286119 -0.789896071 -0.250690222 0.559582353
1403636665313555456.000000 1.161434650 -0.173806369 1.276666403 -0.003318609 -0.784895360 -0.258819997 0.562974632
1403636666163555584.000000 1.249925613 -0.228665501 1.361517549 -0.011684574 -0.793542266 -0.250051707 0.554642439
1403636666813555456.000000 1.292670965 -0.255162716 1.427310824 0.008163858 -0.784873307 -0.262442231 0.561276495
1403636667163555584.000000 1.314721584 -0.268167794 1.454619288 -0.004270867 -0.780791163 -0.268771440 0.564011395
1403636667563555584.000000 1.341300011 -0.269316584 1.482379079 0.009015740 -0.784446537 -0.252418131 0.566434026
1403636668113555456.000000 1.378335953 -0.280213654 1.516774416 0.003747459 -0.781938553 -0.265654355 0.563902318
1403636668813555456.000000 1.440037370 -0.264894366 1.561752558 0.022562306 -0.797898293 -0.247645780 0.549109101
1403636669213555456.000000 1.481197238 -0.273154616 1.597466469 0.002168690 -0.801583707 -0.240217298 0.547498465
1403636669463555584.000000 1.504502892 -0.276077926 1.625452876 -0.002401023 -0.802613795 -0.238114625 0.546906531
1403636669813555456.000000 1.527314305 -0.282688618 1.672773242 -0.025611790 -0.804821491 -0.222800106 0.549514771
1403636670063555584.000000 1.531608105 -0.297122866 1.706571341 -0.055907387 -0.787050605 -0.266406983 0.553582013
1403636671213555456.000000 1.392898917 -0.319957495 1.654094219 -0.096157312 -0.634242356 -0.241659433 0.728073537
1403636672363555584.000000 1.200856805 -0.290264696 1.336707234 0.094435759 -0.588153243 -0.177782208 0.783295035
1403636672913555456.000000 1.197125435 -0.271916986 1.282498837 0.025876563 -0.582158864 -0.172152936 0.794219613
1403636673413555456.000000 1.196876884 -0.261795223 1.268645763 0.066336446 -0.528681874 -0.168861687 0.829204857
1403636674713555456.000000 1.265960932 -0.268947870 1.370493889 -0.003119859 -0.488768101 -0.159413084 0.857719958
1403636675513555456.000000 1.338632107 -0.268651485 1.450843215 0.035752736 -0.475741357 -0.122244157 0.870315075
1403636676413555456.000000 1.424697876 -0.277132690 1.587699771 0.031572253 -0.328476399 -0.053930931 0.942442536
1403636677163555584.000000 1.463495970 -0.306148887 1.710448623 0.016760569 -0.241461933 -0.049739029 0.968989789
1403636677563555584.000000 1.477501154 -0.312272668 1.776990652 -0.017933838 -0.213904366 -0.026618272 0.976327181
1403636678413555456.000000 1.482789159 -0.346749157 1.856191397 0.012253381 -0.040442113 0.010126362 0.999055445
1403636678813555456.000000 1.491205215 -0.366777778 1.880808234 0.012913019 0.037237391 0.066193663 0.997028112
1403636679213555456.000000 1.485815525 -0.370718300 1.905740261 0.003975319 0.124682054 0.092714995 0.987847388
1403636679563555584.000000 1.471372962 -0.374536246 1.917410612 0.002627067 0.215859622 0.095212243 0.971767664
1403636679813555456.000000 1.464944839 -0.385168552 1.920159459 0.005005998 0.244441018 0.107834406 0.963636458
1403636680413555456.000000 1.449716449 -0.420063913 1.899449587 -0.019279860 0.226181224 0.155607104 0.961382747
1403636680713555456.000000 1.428913713 -0.418869913 1.873663902 -0.007671074 0.219933569 0.149446979 0.963968873
1403636681063555584.000000 1.393863201 -0.406199276 1.836388111 0.039475810 0.230305105 0.104790784 0.966654062
1403636681363555584.000000 1.363196492 -0.390642166 1.813032031 0.014176526 0.227928951 0.117133439 0.966502547
1403636681663555584.000000 1.330121517 -0.383167654 1.787919521 0.003643245 0.232923612 0.115324147 0.965626061
1403636681963555584.000000 1.297049761 -0.373203009 1.760553837 0.000426245 0.237699434 0.116647325 0.964309156
1403636682263555584.000000 1.263279557 -0.368760467 1.728105903 0.009220037 0.242869049 0.110864840 0.963658988
1403636682613555456.000000 1.226358891 -0.358109832 1.692410231 0.009045998 0.238583207 0.113757901 0.964393795
1403636682963555584.000000 1.189625144 -0.347788781 1.656238317 -0.004192871 0.231778651 0.114483789 0.965999246
1403636683313555456.000000 1.152629256 -0.336442024 1.613970041 0.000574156 0.235098749 0.111881673 0.965510607
1403636683663555584.000000 1.116487503 -0.312403023 1.570961475 0.006843806 0.241064206 0.110050946 0.964225113
1403636684013555456.000000 1.082095861 -0.292993337 1.527458429 0.017232949 0.245923012 0.109808050 0.962895155
1403636684313555456.000000 1.053919196 -0.289083630 1.488350391 0.007534765 0.252359688 0.109201066 0.961422384
1403636684613555456.000000 1.028480887 -0.282235056 1.450771332 0.003341030 0.258767873 0.101277985 0.960609615
1403636684963555584.000000 1.006105661 -0.261112362 1.409661174 -0.000558633 0.256306350 0.110390946 0.960271120
1403636685313555456.000000 0.988505721 -0.243856505 1.364631772 0.008053665 0.244792327 0.124222115 0.961551189
1403636686013555456.000000 0.945963979 -0.205916077 1.271357656 0.009469067 0.240796521 0.115591228 0.963621318
1403636686763555584.000000 0.895704627 -0.169261381 1.177733183 0.021484910 0.243465394 0.109496102 0.963469565
1403636687113555456.000000 0.873912692 -0.159028277 1.141252041 0.015353303 0.247351080 0.104400471 0.963162601
1403636688763555584.000000 0.810322642 -0.049725067 1.009370685 0.006187715 0.246244669 0.129543498 0.960491419
1403636689063555584.000000 0.795179725 -0.027943414 0.982156754 0.016980687 0.264966339 0.125807986 0.955864429
1403636689463555584.000000 0.768683851 -0.018329788 0.944682598 0.025575249 0.285350859 0.123987302 0.950025260
1403636689763555584.000000 0.747749746 -0.025491178 0.920029998 0.045816727 0.290783167 0.115016460 0.948745072
1403636690213555456.000000 0.718072534 -0.033403240 0.908032060 0.044911530 0.284406602 0.113318868 0.950923085
1403636690563555584.000000 0.697384715 -0.048282534 0.915521920 0.038511109 0.283355474 0.110727988 0.951822400
1403636690913555456.000000 0.680958450 -0.055196289 0.938476682 0.028689792 0.300690085 0.058910813 0.951468289
1403636691213555456.000000 0.687763572 -0.059339643 0.968385458 -0.019343426 0.304713905 0.054509945 0.950686038
1403636691463555584.000000 0.712523401 -0.072195306 0.987553954 -0.015971340 0.295117110 0.098366365 0.950249910
1403636691813555456.000000 0.758790731 -0.098997638 1.001155138 0.004916820 0.292107582 0.126893133 0.947917223
1403636692363555584.000000 0.834014297 -0.134594366 1.015040874 0.003908057 0.292252630 0.121664934 0.948562503
1403636692763555584.000000 0.883826375 -0.175511673 1.010733008 0.009009855 0.280867994 0.138733968 0.949623525
1403636693463555584.000000 0.937868237 -0.222352505 0.998926640 0.040726177 0.284588128 0.135296196 0.948180318
1403636693913555456.000000 0.947585702 -0.235049844 1.010508418 0.033540722 0.289278716 0.129390970 0.947866440
1403636694463555584.000000 0.947477341 -0.251455188 1.037538290 0.014941368 0.293391764 0.125383273 0.947616518
1403636694963555584.000000 0.948049545 -0.256412446 1.060836911 0.018548781 0.294484407 0.108845927 0.949256241
1403636695413555456.000000 0.954559803 -0.261844665 1.084278345 0.013566715 0.282860637 0.121596165 0.951325476
1403636695963555584.000000 0.962120295 -0.271759421 1.106179118 0.012404846 0.276203007 0.124427922 0.952930093
1403636696463555584.000000 0.962584674 -0.263258249 1.125347495 -0.002127680 0.274127096 0.119107589 0.954286754
1403636697013555456.000000 0.963271320 -0.258167267 1.129976630 -0.000245231 0.267375201 0.132502481 0.954438865
1403636698263555584.000000 0.910095930 -0.260048509 1.062371135 0.015031546 0.170086876 0.092204884 0.980990708
1403636698813555456.000000 0.868952394 -0.230637982 1.039036393 0.019376384 0.053820625 0.051339947 0.997041702
1403636699763555584.000000 0.811767161 -0.207598686 1.008817077 0.018877173 -0.190299600 -0.073864736 0.978761315
1403636700963555584.000000 0.836128414 -0.136507750 0.989038467 0.009385063 -0.293301851 -0.085189827 0.952170491
1403636702213555456.000000 0.904439569 -0.122685730 0.959932923 0.006816498 -0.351040095 -0.105683178 0.930352330
1403636703413555456.000000 0.986467719 -0.053958043 0.988415897 -0.004076096 -0.386452854 -0.127693266 0.913417757
1403636704313555456.000000 1.058284521 -0.048394173 1.000342011 0.017031992 -0.380244851 -0.114941999 0.917557657
1403636705063555584.000000 1.129835844 -0.044940442 1.027312636 0.056623049 -0.373904258 -0.113542363 0.918747842
1403636706013555456.000000 1.243785381 -0.059413835 1.138990283 0.004859038 -0.371057063 -0.116026327 0.921320200
1403636706913555456.000000 1.351353168 -0.080799416 1.244114637 0.031462226 -0.374933064 -0.097608529 0.921361983
1403636707963555584.000000 1.460882306 -0.166159496 1.392449975 0.019413639 -0.379839063 -0.118297562 0.917251945
1403636708563555584.000000 1.530538559 -0.176231340 1.496235013 -0.009802761 -0.366625696 -0.128116727 0.921452999
1403636709163555584.000000 1.599953055 -0.186970145 1.571645975 -0.004776359 -0.396613747 -0.084334351 0.914091051
1403636709763555584.000000 1.630518675 -0.206753075 1.640089631 0.017398961 -0.396532685 -0.091318563 0.913301706
1403636710363555584.000000 1.635327101 -0.225910082 1.725340366 0.005108845 -0.379509270 -0.098312885 0.919935405
1403636711313555456.000000 1.622854710 -0.228134155 1.847483277 0.004221887 -0.272588193 -0.044727493 0.961081326
1403636712663555584.000000 1.506943941 -0.293166161 1.893710256 -0.018407529 -0.228072837 -0.033216145 0.972903192
1403636713213555456.000000 1.435278177 -0.305483490 1.868440986 -0.012381116 -0.207772806 -0.037686985 0.977372408
1403636713713555456.000000 1.365341783 -0.328533679 1.820920944 -0.002097387 -0.204999506 -0.059538327 0.976947308
1403636714313555456.000000 1.300974846 -0.329303175 1.758750916 0.000233908 -0.218202621 -0.059583653 0.974082828
1403636714913555456.000000 1.253414869 -0.310608655 1.699615717 0.029714992 -0.150650606 -0.028674431 0.987724245
1403636717513555456.000000 1.180279016 -0.277709663 1.506118655 0.007779502 0.010944290 0.059109405 0.998161197
1403636718713555456.000000 1.088371754 -0.220152378 1.393501997 0.019900521 0.156402051 0.059703171 0.985686541
1403636719613555456.000000 1.024168372 -0.168386534 1.326481700 -0.001719907 0.165486827 0.073928967 0.983435631
1403636720363555584.000000 0.990500271 -0.136356056 1.260696054 0.015678134 0.153024644 0.069682688 0.985637844
1403636721063555584.000000 0.976575494 -0.114359424 1.214419603 0.013085813 0.124281988 0.055931065 0.990582883
1403636722363555584.000000 0.986728728 -0.082501702 1.137677908 0.007984137 0.040871639 0.040757399 0.998300850
1403636723263555584.000000 0.982318461 -0.062440898 1.076600432 0.008511771 0.024839124 0.035031240 0.999041200
1403636724563555584.000000 0.959075928 -0.030012056 0.983406186 0.010208392 -0.109023228 -0.007852168 0.993955791
1403636728263555584.000000 0.899269462 -0.128535658 0.772726715 0.000956909 -0.098716505 0.002001663 0.995113134
1403636729563555584.000000 0.828707576 -0.108791895 0.674909413 0.000173035 -0.029553054 0.022793623 0.999303281
1403636730863555584.000000 0.747789025 -0.083184704 0.566061378 0.036730763 -0.025475318 0.016131522 0.998870194
1403636732063555584.000000 0.724269927 -0.064908855 0.537255406 0.006251311 -0.026049806 0.010873684 0.999581933
1403636733563555584.000000 0.689877272 -0.039097562 0.441425949 0.010287257 -0.021279637 0.023566935 0.999442816
1403636734763555584.000000 0.612097025 -0.028875686 0.325294167 0.018541228 -0.014952900 0.023169236 0.999447763
1403636735813555456.000000 0.552250803 -0.027564745 0.259005725 0.018952813 -0.025579890 0.012809709 0.999410987
1403636737163555584.000000 0.483698457 -0.037899319 0.210195273 0.005298448 0.035057716 0.042048119 0.998486280
1403636737813555456.000000 0.441890419 -0.028517324 0.184034482 0.023863649 0.051373269 0.026481271 0.998043120
1403636739463555584.000000 0.440359116 -0.037839688 0.183099866 0.009388480 -0.188896611 -0.039934609 0.981139719
1403636740463555584.000000 0.482748151 -0.004656131 0.195337534 0.005710712 -0.237104699 -0.056434300 0.969826758
1403636741463555584.000000 0.509608388 0.065480873 0.204591021 0.008527045 -0.250230849 -0.068522893 0.965720654
1403636742713555456.000000 0.534499466 0.114174977 0.224097818 0.005719486 -0.234670758 -0.058279745 0.970309436
1403636743613555456.000000 0.563614130 0.146314830 0.261113524 0.032310765 -0.252659410 -0.075702250 0.964047909
1403636744313555456.000000 0.607000232 0.184533477 0.325516522 -0.002869526 -0.290643781 -0.078814037 0.953575552
1403636745363555584.000000 0.662250459 0.292665750 0.397703469 0.009004815 -0.277679503 -0.074966058 0.957701981
1403636745963555584.000000 0.687089086 0.296516746 0.412163675 -0.001699123 -0.303236663 -0.064648852 0.950718224
1403636748013555456.000000 0.643792391 0.207014382 0.451506436 0.000395081 -0.307886243 -0.103738181 0.945750654
1403636749313555456.000000 0.646517515 0.137571782 0.482501447 -0.007076177 -0.326617807 -0.105279185 0.939248145
1403636751513555456.000000 0.603716969 0.003653225 0.411577016 0.009512464 -0.301064044 -0.093522504 0.948959172
1403636752813555456.000000 0.595929325 -0.084356815 0.381383896 0.008547665 -0.177713245 -0.032846134 0.983496845
1403636754763555584.000000 0.513849080 -0.095736563 0.347152442 -0.002211662 0.012624339 0.046525881 0.998834848
1403636756013555456.000000 0.386930645 -0.071741223 0.260468185 0.008351131 0.055083524 0.052595481 0.997060597
1403636757113555456.000000 0.257376075 -0.055152282 0.172931761 -0.000263162 0.064325221 0.051437829 0.996602416
1403636758313555456.000000 0.109306380 -0.039965857 0.064271696 0.003095365 0.103020109 0.059290458 0.992905796
1403636759113555456.000000 0.029845629 -0.020027474 0.040448859 0.006827953 0.107352465 0.040990070 0.993352234
1403636760113555456.000000 0.010910543 0.017497456 0.032070287 0.025858033 0.105497308 0.059050374 0.992327929
1403636761313555456.000000 0.002835340 0.054709006 0.018071121 0.046877127 0.104721166 0.070429638 0.990896404
1403636762063555584.000000 -0.017071852 0.050485168 0.022085518 0.006851676 0.103906088 0.062013656 0.992628276
1403636762563555584.000000 -0.030086987 0.050842218 0.022755664 0.033155005 0.108469315 0.040026214 0.992740154
1403636763463555584.000000 -0.028318468 0.064681865 0.029268203 -0.002230037 0.069113694 0.009118121 0.997564614
