1403636579763555584.000000 0.000000000 0.000000000 0.000000000 0.000000000 0.000000000 0.000000000 1.000000000
1403636579813555456.000000 -0.000265385 0.013652129 0.006093115 -0.001313299 -0.002878897 0.000954830 0.999994516
1403636580013555456.000000 -0.001657201 0.104430661 0.032605499 0.017044621 -0.006011533 0.001906006 0.999834836
1403636580463555584.000000 -0.007212438 0.291594982 0.076685369 0.055542853 -0.003127798 0.002182044 0.998449028
1403636582763555584.000000 -0.014423817 -0.011590878 0.001579234 0.024112379 -0.027270639 0.011769139 0.999267936
1403636582863555584.000000 -0.013050276 -0.075398915 -0.013910561 0.012581511 -0.035534568 0.007634474 0.999260068
1403636583013555456.000000 -0.006217601 -0.154142648 -0.032048438 -0.012190198 -0.041887701 0.004360337 0.999038458
1403636583163555584.000000 -0.001726170 -0.166859746 -0.036260679 -0.020188654 -0.044684127 0.008977047 0.998756826
1403636583963555584.000000 0.015060270 0.258815438 0.073469423 0.062581033 -0.030249335 0.010328946 0.997527897
1403636584013555456.000000 0.013680752 0.270152360 0.074005157 0.064057976 -0.027263485 0.011700512 0.997505069
1403636584063555584.000000 0.012156751 0.275240809 0.073792011 0.063851833 -0.023605177 0.012231793 0.997605205
1403636584313555456.000000 0.005873320 0.197990447 0.054782182 0.060256265 -0.017956370 0.013712919 0.997927189
1403636584913555456.000000 -0.001161215 -0.176408455 -0.021256907 -0.018462030 -0.045697704 0.015295641 0.998667598
1403636585013555456.000000 -0.000913677 -0.192449719 -0.027182318 -0.020437256 -0.048214201 0.011054032 0.998566747
1403636585163555584.000000 -0.000621833 -0.164686859 -0.016561810 -0.013778914 -0.052553982 0.008517325 0.998486698
1403636585963555584.000000 0.015553897 0.113622129 0.011642212 0.083634719 -0.017040849 0.002591965 0.996347368
1403636587563555584.000000 0.122976527 0.088103510 -0.008041779 0.198401928 -0.030622959 -0.014255431 0.979538500
1403636587963555584.000000 0.269584090 0.077100255 0.008767333 0.189615965 -0.055237997 -0.029099304 0.979871333
1403636589513555456.000000 -0.029222300 0.089448608 -0.034175679 0.196197540 -0.023339404 -0.015320039 0.980166852
1403636589763555584.000000 -0.146777093 0.098435223 -0.043141097 0.192166567 -0.014429376 -0.011064859 0.981193841
1403636590013555456.000000 -0.236007646 0.114210449 -0.049564838 0.201440901 0.008080131 -0.008879608 0.979427099
1403636591613555456.000000 0.179303437 0.114716180 -0.017771330 0.190413117 -0.040411178 -0.021922486 0.980626941
1403636592413555456.000000 0.254335403 0.085987933 0.104878828 0.169377729 -0.097129993 -0.047343373 0.979609907
1403636592813555456.000000 0.175218076 0.049263678 0.214915484 0.152405500 -0.026667986 -0.018824745 0.987778842
1403636593013555456.000000 0.070243530 0.050647233 0.221371859 0.162588835 0.031641722 -0.005829033 0.986169219
1403636593313555456.000000 -0.105838053 0.080074035 0.140429825 0.171014398 0.103222780 0.003783063 0.979839206
1403636593463555584.000000 -0.154335886 0.102344260 0.074173696 0.177172050 0.110786207 0.006912717 0.977900147
1403636593763555584.000000 -0.135715201 0.160426140 -0.048242029 0.195758909 0.066667281 -0.016335545 0.978246927
1403636593863555584.000000 -0.100411408 0.173588797 -0.077935204 0.195396990 0.030747656 -0.031199751 0.979745448
1403636593963555584.000000 -0.054541059 0.181607157 -0.103105173 0.184869051 -0.009083250 -0.045552962 0.981664836
1403636594213555456.000000 0.086688682 0.180821627 -0.113803297 0.172869280 -0.098550029 -0.071652532 0.977379143
1403636594513555456.000000 0.250689149 0.151722193 -0.017824501 0.162151039 -0.141256332 -0.064072825 0.974499047
1403636594813555456.000000 0.280394495 0.110787094 0.116481394 0.141897723 -0.119384460 -0.059552595 0.980849564
1403636594963555584.000000 0.206939399 0.102664843 0.160974726 0.136460021 -0.079039194 -0.039060280 0.986714661
1403636595163555584.000000 0.055761371 0.107886739 0.175174981 0.140958861 0.001114729 -0.011863145 0.989943743
1403636595413555456.000000 -0.090693802 0.132776737 0.129319668 0.152750686 0.070941746 0.005109533 0.985701978
1403636595763555584.000000 -0.035238914 0.174385726 0.025611304 0.164879188 0.059229400 0.008964805 0.984492958
1403636595913555456.000000 0.049187940 0.193956479 -0.010168079 0.164457291 0.013352634 0.001898771 0.986292005
1403636596113555456.000000 0.134517774 0.217905462 -0.063987896 0.172193900 -0.046682600 -0.015181089 0.983839154
1403636596513555456.000000 0.048467875 0.230985582 -0.207433149 0.160058334 -0.065642513 -0.025023200 0.984604597
1403636598113555456.000000 -0.034322165 0.153956965 0.047287151 0.148320451 0.078368776 0.047654647 0.984676778
1403636598363555584.000000 -0.023551181 0.206225991 -0.023121618 0.187455252 0.063039117 0.054968197 0.978705823
1403636598763555584.000000 0.020813046 0.235878304 0.070967160 0.145310119 0.079699010 0.055302862 0.984619021
1403636598913555456.000000 0.032877404 0.251653761 0.126347899 0.110413164 0.091038838 0.049555045 0.988466084
1403636599013555456.000000 0.040314566 0.265997022 0.158390224 0.093690656 0.092203170 0.050116207 0.990055025
1403636599113555456.000000 0.044096638 0.276821613 0.182116389 0.075628333 0.098208286 0.045204021 0.991257846
1403636599163555584.000000 0.045624215 0.280264646 0.191198915 0.062848359 0.102798335 0.041840050 0.991832674
1403636624913555456.000000 0.119256943 0.322500020 0.213948086 0.013655934 0.061248526 0.053131137 0.996613860
1403636625063555584.000000 0.140218765 0.307723284 0.188159525 0.031695671 0.056589443 0.069835648 0.995447636
1403636625163555584.000000 0.146970123 0.286369383 0.169415250 0.039710831 0.058751062 0.066255741 0.995279610
1403636625363555584.000000 0.149180770 0.242762789 0.147244200 0.028639933 0.064623430 0.054695264 0.995997965
1403636625513555456.000000 0.149760067 0.247905657 0.148935497 0.034904797 0.066118158 0.054863941 0.995690703
1403636625613555456.000000 0.148274839 0.252266526 0.155200467 0.036051098 0.066847757 0.056844775 0.995490015
1403636625713555456.000000 0.143430308 0.241205618 0.162757337 0.031197824 0.068280801 0.057029083 0.995546162
1403636625813555456.000000 0.136313245 0.211780384 0.166682214 0.021085700 0.069565035 0.056599300 0.995747268
1403636625913555456.000000 0.126834974 0.167523220 0.169338942 0.011405256 0.071723148 0.053084575 0.995945632
1403636627263555584.000000 0.174526140 0.001778272 0.164533854 0.011420784 0.081805870 0.055135727 0.995056510
1403636627763555584.000000 0.224753425 -0.050985113 0.115448140 0.022714440 0.060058948 0.042819925 0.997017264
1403636628063555584.000000 0.266080201 -0.034756128 0.121511385 0.039741073 0.028379986 0.038879845 0.998049855
1403636628613555456.000000 0.327907294 -0.157899648 0.154298812 0.005388955 0.027926803 0.013983762 0.999497652
1403636628863555584.000000 0.387216389 -0.168946117 0.171793863 0.015537886 0.014734966 0.022843109 0.999509692
1403636629013555456.000000 0.429352909 -0.178391233 0.182215840 0.026377277 0.003837719 0.024260832 0.999350250
1403636629263555584.000000 0.498923779 -0.220420510 0.206644624 0.025675917 -0.016653385 0.018591816 0.999358654
1403636629463555584.000000 0.554761291 -0.239411145 0.245394036 0.013925547 -0.030435974 0.001657199 0.999438345
1403636629663555584.000000 0.625181079 -0.233944878 0.288715690 0.019968968 -0.059486434 -0.011700236 0.997960746
1403636629713555456.000000 0.643512249 -0.229440570 0.303792715 0.025057495 -0.069773130 -0.013314289 0.997159243
1403636629763555584.000000 0.659552038 -0.225938022 0.310872585 0.029889882 -0.081045970 -0.014775604 0.996152520
1403636630013555456.000000 0.770754933 -0.192102432 0.397186756 0.036767822 -0.130547002 -0.028266786 0.990356803
1403636630613555456.000000 1.021058321 -0.318366081 0.602803528 0.016448010 -0.158610091 -0.023043739 0.986935318
1403636631113555456.000000 1.231754184 -0.407658875 0.777036309 0.015325854 -0.144594267 -0.025718682 0.989037991
1403636631413555456.000000 1.339104652 -0.430343628 0.902320743 0.010421961 -0.142630801 -0.023980930 0.989430547
1403636632113555456.000000 1.569839835 -0.471540332 1.181145668 0.011819487 -0.141059563 -0.011920376 0.989858806
1403636632563555584.000000 1.663904548 -0.497810364 1.359568357 0.021166427 -0.136493206 -0.023285182 0.990141094
1403636632713555456.000000 1.681047916 -0.480698347 1.431221485 0.030591555 -0.116300181 -0.030626772 0.992270350
1403636633013555456.000000 1.753418684 -0.519584537 1.564247608 0.022009002 -0.058361731 0.010182826 0.998000920
1403636633763555584.000000 1.882568359 -0.566963494 1.974561572 0.033492658 -0.029470259 0.010416046 0.998950064
1403636634313555456.000000 2.023106337 -0.690157473 2.328775883 0.026106713 -0.033991236 0.004317799 0.999071777
1403636634863555584.000000 2.191752672 -0.817329764 2.704725981 0.012651705 -0.014577624 0.027715964 0.999429464
1403636635513555456.000000 2.332944393 -0.952851892 3.125685692 0.026905192 0.009440943 0.020361701 0.999386013
1403636635813555456.000000 2.400804043 -1.071772099 3.328500748 0.017796971 0.010643297 0.011038270 0.999724030
1403636636013555456.000000 2.461623907 -1.175407529 3.454575777 0.025238104 0.010687779 0.004454155 0.999614418
1403636636163555584.000000 2.513176441 -1.249312043 3.558313608 0.030285105 0.005165363 0.017715273 0.999370933
1403636636213555456.000000 2.531675577 -1.275834322 3.591476917 0.025085701 0.003853883 0.022252461 0.999430180
1403636636313555456.000000 2.567942858 -1.337942600 3.660454750 0.013549093 0.002151109 0.027633317 0.999523997
1403636636463555584.000000 2.623740673 -1.428294301 3.755511045 -0.008885514 0.001813453 0.031224290 0.999471247
1403636636563555584.000000 2.659166574 -1.478633404 3.815349340 -0.012791776 -0.000359889 0.037304197 0.999222040
1403636636663555584.000000 2.688962460 -1.515811682 3.879142284 -0.013013989 -0.003592576 0.046333887 0.998834789
1403636636763555584.000000 2.718301535 -1.542766213 3.937456131 -0.012600935 -0.006142969 0.054160997 0.998433828
1403636636863555584.000000 2.741498947 -1.561089754 3.992860079 -0.010532149 -0.008865274 0.063842513 0.997865021
1403636637063555584.000000 2.769860506 -1.582011938 4.087717533 -0.000957832 0.001319865 0.042629767 0.999089599
1403636637263555584.000000 2.779860973 -1.578364968 4.185982227 0.012470804 0.006623205 0.033430725 0.999341309
1403636637563555584.000000 2.793256998 -1.614319563 4.306118011 0.022068633 0.010168664 0.033873282 0.999130726
1403636637763555584.000000 2.796207428 -1.670843244 4.385467052 0.021165585 0.012507295 0.033139087 0.999148309
1403636637913555456.000000 2.795082808 -1.737771749 4.442556858 0.015344525 0.013597054 0.033539128 0.999227107
1403636638013555456.000000 2.795414448 -1.775416493 4.482704639 0.011117426 0.014144841 0.033416025 0.999279618
1403636638163555584.000000 2.796044350 -1.799044490 4.549787521 0.005380827 0.015328625 0.032325063 0.999345362
1403636638363555584.000000 2.798182726 -1.801543951 4.639842987 0.012276217 0.018336562 0.027143965 0.999387920
1403636638513555456.000000 2.802007914 -1.793653011 4.710152149 0.041912489 0.022807363 0.013736637 0.998766482
1403636638763555584.000000 2.822785854 -1.810491085 4.846731186 0.039268363 0.019079467 0.026915602 0.998683870
1403636638913555456.000000 2.842422009 -1.854584336 4.934082031 0.026233412 0.020501290 0.026073555 0.999105453
1403636639063555584.000000 2.860421181 -1.910019398 5.024788857 0.022654075 0.025405379 0.012449041 0.999342978
1403636639163555584.000000 2.878068447 -1.938673377 5.084281445 0.022703554 0.028625764 0.003295485 0.999326885
1403636639263555584.000000 2.898345232 -1.951075435 5.156551838 0.024093224 0.029813195 -0.000947196 0.999264598
1403636639363555584.000000 2.929903507 -1.955086112 5.226473808 0.024220018 0.026622435 0.009404569 0.999307871
1403636639563555584.000000 2.996958494 -1.949100375 5.381300926 0.020783279 0.017804515 0.036095150 0.998973548
1403636639663555584.000000 3.032274008 -1.947024822 5.457964897 0.015658993 0.016301984 0.043904997 0.998779953
1403636639763555584.000000 3.066139460 -1.957050204 5.533935070 0.008455563 0.018736547 0.040098187 0.998984277
1403636639863555584.000000 3.089952946 -1.956532001 5.605074883 0.004172371 0.020195905 0.035129339 0.999169946
1403636640613555456.000000 3.267416477 -2.106272936 6.020809174 0.004908036 0.054617450 0.050038893 0.997240663
1403636640813555456.000000 3.307827473 -2.113692999 6.115654945 0.007663303 0.057315100 0.051289409 0.997008324
1403636641013555456.000000 3.349533558 -2.141835928 6.194255352 0.010086268 0.057908755 0.052960046 0.996865094
1403636641163555584.000000 3.375660181 -2.148225307 6.243104935 0.007794147 0.056791440 0.052136291 0.996993363
1403636641413555456.000000 3.411232471 -2.154468060 6.351862907 0.007648381 0.059234235 0.038913596 0.997456014
1403636641513555456.000000 3.424515009 -2.146369219 6.390611649 0.006543707 0.058110561 0.039285213 0.997515440
1403636641763555584.000000 3.467240572 -2.153801918 6.471777916 0.006585511 0.054222908 0.046640895 0.997417212
1403636641913555456.000000 3.489330530 -2.179382086 6.507810116 0.004791483 0.052586872 0.047088508 0.997494042
1403636642663555584.000000 3.594138384 -2.249507904 6.633327007 0.011020151 -0.000446305 0.025975112 0.999601722
1403636643213555456.000000 3.671160460 -2.259591341 6.718970299 0.011542240 -0.002188547 0.020199301 0.999726951
1403636643463555584.000000 3.707156420 -2.270228148 6.772653103 0.019469898 -0.000954015 0.020240586 0.999605119
1403636643713555456.000000 3.755712509 -2.310401917 6.807808399 0.036148138 0.001649429 0.023577152 0.999066949
1403636643913555456.000000 3.793113708 -2.368316889 6.863652706 0.045718387 0.002140411 0.026006645 0.998613477
1403636644063555584.000000 3.820801973 -2.394085884 6.917454720 0.048636302 0.001847703 0.028309423 0.998413563
1403636644263555584.000000 3.853947639 -2.431442738 7.018322468 0.036126412 0.003779976 0.020675037 0.999126196
1403636644613555456.000000 3.943121672 -2.445346355 7.225971222 0.000194907 0.013112507 -0.008760015 0.999875605
1403636644763555584.000000 4.006163120 -2.421243191 7.316299438 -0.001264234 0.006364888 0.011438312 0.999913514
1403636644963555584.000000 4.094614983 -2.378592968 7.436394691 0.006660502 -0.001882209 0.027986160 0.999584377
1403636645063555584.000000 4.134711742 -2.348536968 7.483526230 0.024808044 -0.002654740 0.025874279 0.999353826
1403636645113555456.000000 4.153644562 -2.348704576 7.510814667 0.036944836 -0.002989200 0.024433751 0.999014080
1403636645263555584.000000 4.210384846 -2.344326258 7.596657276 0.061447430 -0.004672852 0.024438914 0.997800171
1403636645413555456.000000 4.274762154 -2.363877773 7.690613270 0.051135413 -0.005185288 0.025078367 0.998363376
1403636645563555584.000000 4.330639839 -2.383337259 7.800665379 0.042139150 -0.006039569 0.025502976 0.998767972
1403636645813555456.000000 4.420750618 -2.420142889 8.010435104 0.035836894 -0.006012341 0.025397964 0.999016762
1403636645913555456.000000 4.454520702 -2.450630665 8.093500137 0.037037648 -0.005335066 0.023589680 0.999021173
1403636646013555456.000000 4.496031761 -2.493353367 8.182635307 0.028338619 -0.008166105 0.018953318 0.999385297
1403636646113555456.000000 4.530857086 -2.541812420 8.267542839 0.021375967 -0.017912058 0.008537063 0.999574602
1403636646163555584.000000 4.551477432 -2.564216614 8.312510490 0.017582742 -0.026012940 0.002603153 0.999503553
1403636646263555584.000000 4.591869354 -2.614229918 8.401545525 0.010933958 -0.046544053 -0.010873833 0.998797178
1403636646363555584.000000 4.638215542 -2.653254271 8.491097450 0.001795023 -0.071442947 -0.025026174 0.997129083
1403636646463555584.000000 4.692715645 -2.689435244 8.575557709 -0.006819330 -0.098870300 -0.029160121 0.994649589
1403636646563555584.000000 4.749515533 -2.723595381 8.652979851 -0.014014835 -0.120947145 -0.027959784 0.992166102
1403636646613555456.000000 4.771216393 -2.741968155 8.691956520 -0.013527279 -0.129698366 -0.028559484 0.991049767
1403636646763555584.000000 4.848963261 -2.801545382 8.787645340 -0.008505258 -0.147594810 -0.029181920 0.988580704
1403636646863555584.000000 4.902875900 -2.848159075 8.840973854 -0.008885782 -0.153846428 -0.029540796 0.987613142
1403636647013555456.000000 4.969460964 -2.920810461 8.915697098 -0.004467001 -0.158096075 -0.030755736 0.986934543
1403636647113555456.000000 5.019333363 -2.961051941 8.962814331 0.002025884 -0.158405811 -0.030767191 0.986892521
1403636647263555584.000000 5.092283249 -3.008250237 9.033466339 0.007361610 -0.156860307 -0.031241558 0.987099111
1403636647463555584.000000 5.184417725 -3.054361582 9.122874260 0.000296315 -0.151790559 -0.033919867 0.987830460
1403636647613555456.000000 5.257436752 -3.077338934 9.186732292 -0.013315654 -0.146379665 -0.038627889 0.988384306
1403636647713555456.000000 5.308683395 -3.096868515 9.221250534 -0.013061722 -0.148213312 -0.038080215 0.988135695
1403636647963555584.000000 5.438993454 -3.137106180 9.288068771 -0.007228137 -0.165210530 -0.037944093 0.985501647
1403636648263555584.000000 5.611755848 -3.140821695 9.356516838 -0.005731118 -0.229961097 -0.059213698 0.971379817
1403636648513555456.000000 5.761872292 -3.079032898 9.391451836 -0.007185667 -0.294780701 -0.081070200 0.952092588
1403636648713555456.000000 5.866271019 -3.064892292 9.416009903 -0.001410727 -0.333079696 -0.091749586 0.938423097
1403636649213555456.000000 6.111538887 -3.102157116 9.391220093 0.003717278 -0.351174444 -0.092331089 0.931739032
1403636650313555456.000000 6.574223995 -3.396263123 9.197584152 -0.013240511 -0.402702868 -0.104772434 0.909218252
1403636650713555456.000000 6.684427261 -3.327454090 9.089551926 0.005401636 -0.478104562 -0.138822705 0.867245734
1403636651613555456.000000 6.773283958 -3.283486843 8.803565979 -0.006152659 -0.485726416 -0.134112328 0.863739491
1403636652163555584.000000 6.748614788 -3.164588928 8.614168167 -0.019834317 -0.547207654 -0.161507592 0.821027219
1403636652363555584.000000 6.738107681 -3.096446514 8.521073341 0.000797720 -0.602574646 -0.187937230 0.775617659
1403636652563555584.000000 6.729714870 -3.020738363 8.408532143 0.011045823 -0.635380983 -0.212119862 0.742411017
1403636652713555456.000000 6.722343922 -2.969971895 8.338939667 0.021868579 -0.647682309 -0.221162394 0.728777468
1403636653013555456.000000 6.754124641 -2.947756767 8.168985367 0.018381929 -0.653940916 -0.217244178 0.724450350
1403636653263555584.000000 6.814595699 -2.910076141 8.054321289 0.004166325 -0.654140234 -0.198040262 0.729974866
1403636653713555456.000000 6.889393806 -2.892255306 7.852863312 -0.005432870 -0.644757330 -0.182588071 0.742239892
1403636654313555456.000000 6.907975197 -2.806103230 7.628772736 -0.010448378 -0.655985117 -0.189846441 0.730433226
1403636654513555456.000000 6.891514778 -2.794573784 7.544245243 -0.003528951 -0.680502772 -0.200667262 0.704724193
1403636654763555584.000000 6.852071762 -2.797688007 7.434811115 0.000609355 -0.705191374 -0.220547348 0.673842430
1403636655113555456.000000 6.803556442 -2.753740788 7.319923878 -0.009387412 -0.723892331 -0.212831929 0.656196892
1403636655463555584.000000 6.720406532 -2.687244892 7.224084854 -0.023228165 -0.737006366 -0.212424561 0.641215920
1403636655713555456.000000 6.625139236 -2.645156860 7.150971413 -0.012618747 -0.751210570 -0.240699425 0.614481270
1403636655863555584.000000 6.564149380 -2.593003750 7.108030319 -0.009687063 -0.761790395 -0.254231781 0.595774889
1403636655963555584.000000 6.527153492 -2.548455715 7.082893848 -0.011146070 -0.772540629 -0.260802388 0.578825474
1403636656013555456.000000 6.507744789 -2.530880928 7.069388390 -0.012488415 -0.777387559 -0.263002843 0.571263611
1403636656063555584.000000 6.489416122 -2.510094166 7.051652908 -0.013000040 -0.782038867 -0.263893127 0.564452529
1403636656113555456.000000 6.470657349 -2.492009640 7.032246590 -0.011470742 -0.785931349 -0.264559150 0.558738589
1403636656213555456.000000 6.432555676 -2.465198517 6.994527817 -0.006647049 -0.791892052 -0.265553713 0.549858153
1403636656313555456.000000 6.395682335 -2.449264526 6.946060181 -0.003398778 -0.794626832 -0.267539263 0.544958174
1403636656463555584.000000 6.343703270 -2.440053940 6.870963097 -0.002079793 -0.795791686 -0.269487470 0.542298555
1403636656563555584.000000 6.313534737 -2.440121889 6.814862728 -0.000295255 -0.795947969 -0.267526060 0.543043733
1403636656713555456.000000 6.271308899 -2.438274860 6.733484745 -0.007878696 -0.798302948 -0.254773557 0.545656264
1403636656863555584.000000 6.228890419 -2.424399376 6.656418800 -0.014240009 -0.801063240 -0.239302278 0.548479080
1403636657163555584.000000 6.126574516 -2.350237370 6.523911476 -0.026003962 -0.798084021 -0.234746590 0.554328144
1403636657463555584.000000 5.980255604 -2.287347317 6.400208473 -0.021984044 -0.790413499 -0.256849587 0.555690050
1403636657813555456.000000 5.793801308 -2.177696228 6.244802952 -0.020116456 -0.789532363 -0.267519504 0.551966727
1403636658063555584.000000 5.660035133 -2.084692955 6.106858730 -0.020349625 -0.789301097 -0.279941797 0.546097338
1403636658463555584.000000 5.460195065 -1.967638254 5.824378490 0.007638358 -0.798859060 -0.265009016 0.539940894
1403636659013555456.000000 5.279274464 -1.759773493 5.495764256 0.007742741 -0.808215618 -0.242387176 0.536633909
1403636660013555456.000000 5.008605957 -1.405378103 5.187598705 0.010453733 -0.807454050 -0.253284037 0.532687366
1403636661213555456.000000 5.062261105 -0.946426511 5.194200516 0.004433633 -0.813595176 -0.235043108 0.531787574
1403636663313555456.000000 5.023156166 -0.902314782 5.776482582 0.006935113 -0.800273895 -0.284104347 0.528013587
1403636664763555584.000000 5.713335991 -0.739402890 6.136256695 -0.001228493 -0.797279537 -0.235269651 0.555870533
1403636665763555584.000000 6.257409096 -0.988704801 6.650302887 0.017325366 -0.792012990 -0.236780092 0.562450409
1403636665963555584.000000 6.365007401 -1.062749267 6.755401134 -0.010288767 -0.791402519 -0.243443847 0.560634673
1403636666313555456.000000 6.524581432 -1.147408485 6.954421997 -0.014764923 -0.793554366 -0.240520626 0.558751523
1403636666563555584.000000 6.612877369 -1.186391234 7.092864037 -0.017221486 -0.789126158 -0.248362049 0.561515510
1403636666713555456.000000 6.653429031 -1.225564122 7.160653591 -0.000556581 -0.786885142 -0.250986993 0.563752592
1403636666863555584.000000 6.692009449 -1.271129251 7.228626251 0.007349701 -0.781654656 -0.262649953 0.565665007
1403636666913555456.000000 6.705530167 -1.281825542 7.251385212 0.003260406 -0.777779877 -0.272264212 0.566498041
1403636667063555584.000000 6.753014565 -1.309921265 7.313583851 -0.006635292 -0.772873461 -0.283852518 0.567494810
1403636667113555456.000000 6.770527840 -1.314413190 7.328566551 -0.006870035 -0.775886059 -0.274665922 0.567901611
1403636667213555456.000000 6.807378769 -1.323191404 7.362360477 -0.004759997 -0.783302128 -0.252673030 0.567953706
1403636667513555456.000000 6.908608913 -1.327209115 7.471721649 0.006577588 -0.786393523 -0.239889905 0.569205403
1403636667613555456.000000 6.936955452 -1.331513047 7.506892204 0.006766154 -0.781317830 -0.253777057 0.570170045
1403636667963555584.000000 7.055743217 -1.376755476 7.623672962 -0.001701923 -0.778388798 -0.264540136 0.569321096
1403636668163555584.000000 7.128878593 -1.383915186 7.678534508 0.004925292 -0.782769084 -0.258343250 0.566133499
1403636668363555584.000000 7.210405350 -1.366672158 7.743597984 0.013701573 -0.786674321 -0.257306248 0.561025202
1403636668613555456.000000 7.321677208 -1.335759521 7.824242592 0.012738014 -0.791445792 -0.253584176 0.556009352
1403636668913555456.000000 7.471302032 -1.297632575 7.931808472 0.026130805 -0.801394641 -0.229558259 0.551712573
1403636669263555584.000000 7.655204773 -1.350824833 8.099819183 0.000078725 -0.801281512 -0.233570337 0.550811052
1403636669513555456.000000 7.763740540 -1.369342566 8.247915268 -0.004805915 -0.802583873 -0.229762539 0.550495386
1403636669713555456.000000 7.836303711 -1.380483627 8.381640434 -0.015613197 -0.806440949 -0.213039324 0.551383257
1403636669913555456.000000 7.881867409 -1.421345830 8.529203415 -0.047493812 -0.795681477 -0.237623677 0.555130839
1403636670113555456.000000 7.885004044 -1.478609085 8.657773972 -0.059080422 -0.784502387 -0.264383554 0.557823300
1403636670313555456.000000 7.854783058 -1.535412550 8.742779732 -0.089363389 -0.774131238 -0.266199648 0.567338347
1403636670513555456.000000 7.777439594 -1.557834387 8.790616989 -0.099439658 -0.755824089 -0.274257451 0.586194992
1403636670713555456.000000 7.657095909 -1.584336281 8.765503883 -0.096508652 -0.730415881 -0.270425826 0.619716585
1403636670913555456.000000 7.499116421 -1.588065743 8.668909073 -0.105473027 -0.695119441 -0.265621215 0.659643710
1403636671363555584.000000 7.010155678 -1.560737848 8.149263382 -0.052067854 -0.617702544 -0.214902848 0.754684925
1403636672263555584.000000 6.228159904 -1.422693491 6.847465515 0.092218950 -0.580612659 -0.186723143 0.787095308
1403636675063555584.000000 6.648253441 -1.277212858 7.098619461 0.036357980 -0.466032922 -0.174363375 0.866653800
1403636675563555584.000000 6.937058449 -1.336207271 7.365303993 0.030095713 -0.471279353 -0.111300372 0.874415398
1403636675913555456.000000 7.121357918 -1.389659643 7.626306057 -0.006559061 -0.419731349 -0.113549866 0.900493741
1403636676363555584.000000 7.330315590 -1.379215956 7.976739407 0.027924677 -0.334660679 -0.061768703 0.939897358
1403636676563555584.000000 7.388743401 -1.379563928 8.147567749 0.031226525 -0.290744096 -0.046082027 0.955180228
1403636676813555456.000000 7.440687180 -1.442380667 8.368692398 0.018059736 -0.251037717 -0.058878656 0.966016173
1403636677213555456.000000 7.550285816 -1.516042233 8.697284698 0.015529197 -0.240626290 -0.043344565 0.969525218
1403636677863555584.000000 7.600460052 -1.611208677 9.170022964 -0.005838154 -0.140872166 -0.036645763 0.989332139
1403636678263555584.000000 7.615852356 -1.690467596 9.337875366 0.011174340 -0.062668897 0.001886311 0.997970045
1403636678563555584.000000 7.653344154 -1.757611632 9.445893288 0.014277834 -0.011055346 0.019243043 0.999651730
1403636678763555584.000000 7.673002243 -1.812846184 9.517782211 0.013256269 0.030490497 0.053434186 0.998017728
1403636678963555584.000000 7.686030865 -1.836044908 9.579940796 0.013244000 0.066679448 0.095998883 0.993057251
1403636679113555456.000000 7.671375275 -1.843182087 9.623433113 0.009354902 0.099404372 0.101712987 0.989790738
1403636679263555584.000000 7.634903431 -1.836105466 9.670003891 0.001459617 0.141830802 0.088343464 0.985939801
1403636679813555456.000000 7.540307045 -1.912588358 9.726284981 0.004942256 0.246438265 0.106870167 0.963235438
1403636679963555584.000000 7.524971008 -1.959001780 9.724264145 -0.007759102 0.248945937 0.116310932 0.961476743
1403636680113555456.000000 7.512365818 -2.016990185 9.705047607 -0.016404744 0.240717441 0.139318332 0.960404277
1403636680363555584.000000 7.471932411 -2.082395077 9.643106461 -0.021174671 0.231858462 0.149960175 0.960887730
1403636680513555456.000000 7.436244965 -2.093699694 9.588468552 -0.014630679 0.223489881 0.160477296 0.961293519
1403636680713555456.000000 7.357241154 -2.080232620 9.496953964 -0.007643924 0.222364500 0.148219302 0.963600874
1403636680863555584.000000 7.282341957 -2.059819937 9.421481133 0.005859250 0.229760513 0.119183846 0.965904236
1403636680963555584.000000 7.230363846 -2.042567015 9.362016678 0.022623617 0.233886778 0.103234604 0.966502845
1403636681063555584.000000 7.180892944 -2.017416477 9.310634613 0.039257277 0.232784986 0.103596464 0.966197610
1403636681163555584.000000 7.129336357 -1.990424395 9.265373230 0.044710901 0.230567291 0.108910717 0.965907931
1403636681263555584.000000 7.078087807 -1.961661339 9.230016708 0.028492963 0.229477048 0.115675628 0.965995669
1403636681363555584.000000 7.023220062 -1.939493179 9.190179825 0.014139531 0.230035633 0.116056792 0.966133773
1403636681713555456.000000 6.827027798 -1.897622347 9.041124344 0.002935121 0.235370159 0.116063714 0.964946389
1403636682063555584.000000 6.631643295 -1.841689706 8.876008987 0.001132350 0.242718920 0.113029487 0.963488758
1403636682363555584.000000 6.461634636 -1.820453405 8.708091736 0.021343794 0.244497165 0.110302910 0.963119328
1403636682463555584.000000 6.407155991 -1.810444713 8.654010773 0.022947760 0.243522599 0.110176519 0.963343799
1403636683113555456.000000 6.056973934 -1.707369208 8.313898087 -0.005072717 0.232688129 0.116199642 0.965571404
1403636683513555456.000000 5.836375237 -1.607312202 8.063714981 0.002678239 0.240635663 0.108459882 0.964532912
1403636683663555584.000000 5.757941723 -1.553334475 7.972537518 0.007041291 0.242587835 0.108623862 0.964003325
1403636683813555456.000000 5.682277679 -1.498684883 7.875614166 0.015981369 0.243869230 0.109510779 0.963472784
1403636683913555456.000000 5.633200645 -1.470267177 7.813740730 0.019155154 0.245478764 0.109648697 0.962990344
1403636684363555584.000000 5.416577339 -1.431441307 7.523841858 0.005372648 0.254923254 0.107848726 0.960913062
1403636684863555584.000000 5.223396301 -1.329740644 7.217607498 0.001038272 0.261149257 0.100192621 0.960084081
1403636685063555584.000000 5.171033859 -1.263680458 7.099778175 -0.000163751 0.254912943 0.115325615 0.960062146
1403636685163555584.000000 5.145669460 -1.238704562 7.031570911 0.004081680 0.252933711 0.115932010 0.960503817
1403636685213555456.000000 5.134806633 -1.226161480 7.002857685 0.005633076 0.251060277 0.118290626 0.960699916
1403636685313555456.000000 5.105720043 -1.213413596 6.930759430 0.008366832 0.246521920 0.122915953 0.961274505
1403636685463555584.000000 5.067676544 -1.187852502 6.826817036 0.009095278 0.243888751 0.121302791 0.962144077
1403636685613555456.000000 5.019338608 -1.155481339 6.721636772 0.010641933 0.243187606 0.115317523 0.963041246
1403636685763555584.000000 4.974273682 -1.110653877 6.623090744 0.007825433 0.241553441 0.117016867 0.963274479
1403636685913555456.000000 4.925170898 -1.053202748 6.525791645 0.004602531 0.240389466 0.119905218 0.963231266
1403636686013555456.000000 4.890371323 -1.013329625 6.462028980 0.008707577 0.242563784 0.114654854 0.963297069
1403636686113555456.000000 4.853617668 -0.979048133 6.394255638 0.014545559 0.244401485 0.110328794 0.963267326
1403636686213555456.000000 4.819426537 -0.950453162 6.325404167 0.015395675 0.244538337 0.108609185 0.963414788
1403636686363555584.000000 4.766534328 -0.921795487 6.219702244 0.019069284 0.244834289 0.106160410 0.963546813
1403636686463555584.000000 4.730358124 -0.908037782 6.153659821 0.021822998 0.244272366 0.106648237 0.963577151
1403636686713555456.000000 4.651453018 -0.851959825 6.005525112 0.022870488 0.244735852 0.108569913 0.963220596
1403636686863555584.000000 4.601094246 -0.816179514 5.929331779 0.018536707 0.246569410 0.106640682 0.963061631
1403636687013555456.000000 4.551997662 -0.793138802 5.853601456 0.015292139 0.248519674 0.104197532 0.962884724
1403636687113555456.000000 4.518847942 -0.784954488 5.801151276 0.014937638 0.248957723 0.102790207 0.962928414
1403636687363555584.000000 4.445558071 -0.767274618 5.677289009 0.010119963 0.249656558 0.104687490 0.962605715
1403636687613555456.000000 4.382890224 -0.710706294 5.569428444 0.006322169 0.251683623 0.102722891 0.962321877
1403636687813555456.000000 4.343094826 -0.641626060 5.491288185 0.006220892 0.253944218 0.100958116 0.961915314
1403636688063555584.000000 4.303555489 -0.525139272 5.403888702 0.005017062 0.251208246 0.111410268 0.961486876
1403636688263555584.000000 4.268628597 -0.440543056 5.328972816 0.004658046 0.250497639 0.114134975 0.961354494
1403636688663555584.000000 4.207552910 -0.284483969 5.165140152 0.006675588 0.247102618 0.125711545 0.960776925
1403636689163555584.000000 4.072598457 -0.092580587 4.946115971 0.020540236 0.273382396 0.120917358 0.954054058
1403636690013555456.000000 3.774950981 -0.137598574 4.626635551 0.046782583 0.294413507 0.094441846 0.949848831
1403636690913555456.000000 3.526447296 -0.261020362 4.780427933 0.027357610 0.301336318 0.056791957 0.951431870
1403636691413555456.000000 3.656932831 -0.329849303 5.012096405 -0.025613328 0.296613038 0.091396108 0.950269103
1403636691563555584.000000 3.749720335 -0.378993809 5.049910545 -0.003675164 0.297313094 0.100498699 0.949469030
1403636691963555584.000000 4.023836613 -0.530569255 5.118753910 0.003288426 0.296074241 0.117936231 0.947850347
1403636692463555584.000000 4.374314785 -0.709896982 5.159354210 0.005648761 0.291360110 0.124459617 0.948465705
1403636693113555456.000000 4.739349842 -1.024611831 5.105063438 0.014693721 0.278273970 0.148028940 0.948912621
1403636693913555456.000000 4.890181541 -1.177139401 5.135310173 0.033667482 0.291111022 0.127239212 0.947592258
1403636694163555584.000000 4.888955116 -1.203631639 5.209041119 0.006007209 0.295371652 0.120319992 0.947756648
1403636694263555584.000000 4.890530109 -1.217921257 5.233857155 0.004663589 0.295759350 0.121101551 0.947543740
1403636694563555584.000000 4.891396046 -1.266835213 5.296498299 0.016685424 0.294438422 0.124847330 0.947333515
1403636695013555456.000000 4.899173260 -1.280288577 5.408267498 0.019977624 0.296726763 0.104800127 0.948984206
1403636695613555456.000000 4.944457531 -1.338341475 5.556297302 0.008133932 0.280570447 0.125052646 0.951617539
1403636696063555584.000000 4.970508575 -1.350448132 5.642518044 0.018602014 0.277124882 0.122569241 0.952802479
1403636696413555456.000000 4.968652248 -1.315184474 5.713053703 0.001616129 0.274261087 0.122752465 0.953787267
1403636697013555456.000000 4.969375610 -1.290369034 5.741289139 -0.000017721 0.268826216 0.131281629 0.954199970
1403636697613555456.000000 4.894054413 -1.311753869 5.603053570 0.013607735 0.261588901 0.127707765 0.956596494
1403636697863555584.000000 4.831566811 -1.335103273 5.519758701 0.013922705 0.217244700 0.114190593 0.969314933
1403636699163555584.000000 4.355971336 -1.059773088 5.234272957 0.017284354 -0.036721718 0.003676102 0.999169290
1403636699313555456.000000 4.309116364 -1.049764514 5.193930626 0.019008810 -0.076141655 -0.021758629 0.996678352
1403636699463555584.000000 4.259495258 -1.044961333 5.177667618 0.020305365 -0.116054393 -0.044343814 0.992044687
1403636700463555584.000000 4.216692924 -0.868131876 5.077748299 0.009262160 -0.242777750 -0.085541107 0.966258705
1403636701063555584.000000 4.348027706 -0.647565007 5.019626141 0.015859442 -0.293837726 -0.085477062 0.951893687
1403636702013555456.000000 4.602782249 -0.634266257 4.897665977 0.008140646 -0.311671942 -0.087376535 0.946128786
1403636702213555456.000000 4.669978142 -0.605413198 4.874925137 0.005418807 -0.350378573 -0.103568964 0.930848539
1403636702413555456.000000 4.729928970 -0.543708146 4.878757477 0.013781425 -0.378577262 -0.109459944 0.918971062
1403636702563555584.000000 4.786498547 -0.492502809 4.874639511 0.020206645 -0.389391243 -0.110538408 0.914192200
1403636702663555584.000000 4.813397408 -0.453607976 4.885016441 0.025278604 -0.393719465 -0.110732518 0.912186563
1403636702913555456.000000 4.903150082 -0.345921993 4.921792507 0.032471754 -0.394880325 -0.111347087 0.911381900
1403636703463555584.000000 5.114248753 -0.253494024 5.013433933 -0.001803089 -0.387136936 -0.120488368 0.914113939
1403636703863555584.000000 5.280222416 -0.269469678 5.035891056 0.006875445 -0.386975706 -0.110227101 0.915452063
1403636704363555584.000000 5.479559898 -0.226344287 5.075877666 0.018962873 -0.379728645 -0.111423902 0.918167353
1403636704513555456.000000 5.549464226 -0.216624439 5.091612339 0.025911691 -0.379069239 -0.109122045 0.918546379
1403636704763555584.000000 5.661067009 -0.226019382 5.121479511 0.040395245 -0.377969682 -0.108237371 0.918581426
1403636704913555456.000000 5.739264011 -0.218332648 5.156195641 0.049272973 -0.374204874 -0.112689458 0.919153929
1403636705063555584.000000 5.828007221 -0.203779578 5.214318752 0.055352475 -0.373206824 -0.110620171 0.919465065
1403636705163555584.000000 5.885002613 -0.203284144 5.256726265 0.042911045 -0.374445051 -0.104597934 0.920330822
1403636705263555584.000000 5.952177048 -0.201247573 5.313376427 0.028090056 -0.376294613 -0.096164979 0.921067655
1403636705363555584.000000 6.009942055 -0.213750124 5.356879234 0.021156942 -0.376750231 -0.093398422 0.921351373
1403636705513555456.000000 6.106750011 -0.229826212 5.440430164 0.028023709 -0.375666410 -0.097441845 0.921191871
1403636705613555456.000000 6.164901733 -0.237163663 5.500336647 0.032660343 -0.375425696 -0.098922759 0.920979440
1403636705713555456.000000 6.225435257 -0.244670391 5.568025112 0.031914189 -0.375925809 -0.100078769 0.920676649
1403636705813555456.000000 6.284013748 -0.248784304 5.635540962 0.024904100 -0.375699878 -0.101050824 0.920879006
1403636705913555456.000000 6.348141670 -0.260389268 5.705407619 0.014320704 -0.373966485 -0.104749657 0.921396494
1403636706013555456.000000 6.405836105 -0.283079922 5.765067101 0.004023840 -0.369973063 -0.113156661 0.922116756
1403636706213555456.000000 6.534308434 -0.319561183 5.890757561 -0.004562384 -0.367242515 -0.112769119 0.923252523
1403636706363555584.000000 6.639615536 -0.324195743 5.973631382 0.006623921 -0.370017052 -0.096878238 0.923936188
1403636706563555584.000000 6.761467934 -0.325412035 6.092806339 0.018934170 -0.372016639 -0.088276282 0.923824847
1403636706813555456.000000 6.906335354 -0.361609459 6.229588985 0.028784944 -0.371949822 -0.092955291 0.923138142
1403636707063555584.000000 7.046944141 -0.431098461 6.384187222 0.025365556 -0.377007216 -0.093709186 0.921108425
1403636707263555584.000000 7.153254032 -0.493908286 6.524341106 0.023594698 -0.383372039 -0.093787126 0.918516815
1403636707463555584.000000 7.256698132 -0.594750524 6.656191349 0.028085770 -0.387251616 -0.095453888 0.916589320
1403636707663555584.000000 7.356033325 -0.697999120 6.799727440 0.025913943 -0.384419203 -0.107344322 0.916530192
1403636707763555584.000000 7.404610157 -0.753546238 6.876130581 0.025210295 -0.381417871 -0.115507901 0.916811168
1403636707913555456.000000 7.485397339 -0.804341435 7.001924992 0.019899994 -0.379166931 -0.116586849 0.917738497
1403636708113555456.000000 7.605496883 -0.833408237 7.176665306 0.015783019 -0.376956195 -0.106836610 0.919913530
1403636708313555456.000000 7.718685150 -0.846633196 7.357678413 0.005323288 -0.371974260 -0.110137574 0.921670496
1403636708413555456.000000 7.776591301 -0.853178024 7.446897507 -0.003721138 -0.367124110 -0.121735856 0.922163963
1403636708513555456.000000 7.839718342 -0.863419592 7.526953220 -0.008662311 -0.364928812 -0.126623765 0.922343969
1403636708663555584.000000 7.940948009 -0.881399453 7.631396294 -0.006492134 -0.369712502 -0.114326067 0.922062933
1403636708763555584.000000 8.009301186 -0.884619951 7.702040672 -0.002678342 -0.376489758 -0.098655082 0.921149015
1403636708863555584.000000 8.070282936 -0.886014163 7.766482830 -0.000519792 -0.382083416 -0.088419147 0.919888079
1403636708913555456.000000 8.096113205 -0.890314996 7.798888683 -0.001368575 -0.384827346 -0.086189844 0.918954492
1403636709013555456.000000 8.154330254 -0.898097336 7.858362675 -0.004262324 -0.388710290 -0.084051825 0.917508304
1403636709163555584.000000 8.226885796 -0.921657562 7.948786259 -0.004781530 -0.394850165 -0.081663594 0.915096462
1403636709263555584.000000 8.265136719 -0.942282259 7.999539852 0.001801266 -0.396548063 -0.084136598 0.914148450
1403636709513555456.000000 8.334761620 -0.992549896 8.141144753 0.012410755 -0.397618443 -0.086797379 0.913351953
1403636709663555584.000000 8.367119789 -1.010256290 8.233255386 0.016380217 -0.396609366 -0.088105910 0.913602769
1403636709813555456.000000 8.389512062 -1.021655321 8.331610680 0.017173957 -0.394394040 -0.086900413 0.914662063
1403636709963555584.000000 8.407565117 -1.041140318 8.438139915 0.015342060 -0.392394483 -0.085394807 0.915695846
1403636710163555584.000000 8.415544510 -1.089140415 8.575843811 0.013476087 -0.388791829 -0.083955444 0.917393446
1403636710363555584.000000 8.411673546 -1.109800816 8.725998878 0.004617053 -0.377680123 -0.095405176 0.920996308
1403636710463555584.000000 8.403883934 -1.112744808 8.808574677 -0.000237048 -0.365738124 -0.105280988 0.924744010
1403636710563555584.000000 8.397013664 -1.111604095 8.884248734 -0.003326572 -0.351597816 -0.109756969 0.929688811
1403636710713555456.000000 8.388360977 -1.101924181 8.995462418 -0.004761331 -0.331618696 -0.104452759 0.937601209
1403636710913555456.000000 8.380014420 -1.084179163 9.132599831 0.000119243 -0.302613407 -0.075741954 0.950099111
1403636711113555456.000000 8.368255615 -1.087615728 9.247641563 0.006178451 -0.281090230 -0.049170118 0.958400965
1403636711363555584.000000 8.335946083 -1.123889804 9.376220703 0.002019603 -0.269156128 -0.044301491 0.962074995
1403636711463555584.000000 8.316957474 -1.142163515 9.426435471 -0.011661256 -0.267635375 -0.046438240 0.962329865
1403636711613555456.000000 8.278722763 -1.171338081 9.491294861 -0.025613815 -0.271484375 -0.040952794 0.961229980
1403636711913555456.000000 8.157765388 -1.224934578 9.580311775 -0.016426185 -0.274525106 -0.053133134 0.959970295
1403636712063555584.000000 8.077475548 -1.258250117 9.604948044 -0.011673042 -0.270178050 -0.073559254 0.959925294
1403636712463555584.000000 7.876397133 -1.365536928 9.611515045 -0.011500422 -0.246813029 -0.038474578 0.968230724
1403636712613555456.000000 7.791165352 -1.422435045 9.595415115 -0.015496725 -0.231054664 -0.031116258 0.972319603
1403636712713555456.000000 7.728929996 -1.452492476 9.581209183 -0.022819392 -0.221411467 -0.031723782 0.974397182
1403636712963555584.000000 7.567571640 -1.491900921 9.531984329 -0.015714552 -0.209761992 -0.032573964 0.977083385
1403636713263555584.000000 7.360429764 -1.521049738 9.440842628 -0.009868983 -0.205060333 -0.037305202 0.977988362
1403636713463555584.000000 7.214976311 -1.566986442 9.354816437 -0.005873180 -0.204915255 -0.041512776 0.977881372
1403636713613555456.000000 7.109340191 -1.610112190 9.276526451 -0.004122341 -0.203590840 -0.050750364 0.977731109
1403636713813555456.000000 6.971933365 -1.644395828 9.172855377 -0.001018356 -0.203658819 -0.063430309 0.976984441
1403636714063555584.000000 6.833374023 -1.652809739 9.038722038 0.002582142 -0.211927012 -0.054839466 0.975742221
1403636714413555456.000000 6.659568787 -1.616302252 8.858865738 0.004067982 -0.218347207 -0.059650924 0.974037826
1403636714613555456.000000 6.575757980 -1.572592974 8.757933617 0.020614726 -0.204968005 -0.060001191 0.976710320
1403636714713555456.000000 6.535286903 -1.552702665 8.712254524 0.025603646 -0.190443963 -0.053552993 0.979901850
1403636714863555584.000000 6.483697891 -1.535616040 8.640710831 0.028226864 -0.160494953 -0.034153581 0.986041665
1403636715213555456.000000 6.375936508 -1.564484119 8.491087914 0.033578474 -0.096741050 -0.001562712 0.994741797
1403636715463555584.000000 6.308874130 -1.593801379 8.417163849 0.021169469 -0.079948381 -0.006186794 0.996554971
1403636716763555584.000000 6.166723251 -1.495025396 7.994071484 0.004375449 -0.087691814 -0.004052894 0.996129811
1403636716963555584.000000 6.149372101 -1.441751003 7.906023979 0.006492352 -0.052547641 0.006562432 0.998575747
1403636717113555456.000000 6.131136894 -1.417721391 7.837430000 0.007648700 -0.019558446 0.019256148 0.999593973
1403636717363555584.000000 6.107924938 -1.395376801 7.713246822 0.008453527 0.008000681 0.047434490 0.998806536
1403636717763555584.000000 6.034332752 -1.331273556 7.523455143 0.007197839 0.017414052 0.053972401 0.998364627
1403636718013555456.000000 5.952794552 -1.274680138 7.406428337 0.008261270 0.039355535 0.068264723 0.996856451
1403636718413555456.000000 5.759379864 -1.199773788 7.196921825 0.013925710 0.110985488 0.067516699 0.991428137
1403636718863555584.000000 5.552916527 -1.026693106 7.017237663 0.018371066 0.166262254 0.070208460 0.983407438
1403636719363555584.000000 5.368832588 -0.906715989 6.836099625 -0.006076477 0.169422656 0.080213137 0.982254982
1403636720163555584.000000 5.148198128 -0.719067633 6.474106312 0.015180952 0.153233498 0.070825025 0.985531747
1403636721163555584.000000 5.039973259 -0.541268051 6.138297081 0.009471076 0.109771527 0.049688172 0.992668927
1403636721763555584.000000 5.062729359 -0.481606871 5.970399380 0.006999754 0.041972443 0.037125830 0.998404205
1403636722363555584.000000 5.088603497 -0.395260841 5.778709412 0.007061667 0.041695096 0.041011885 0.998263359
1403636723063555584.000000 5.082408428 -0.300266147 5.544559956 0.007253496 0.026794704 0.035630897 0.998979390
1403636723613555456.000000 5.042442799 -0.264982939 5.346248627 -0.012005084 -0.000847159 0.030026456 0.999476671
1403636723913555456.000000 5.008930206 -0.250503391 5.215409279 0.007050518 -0.019962665 0.017708924 0.999619007
1403636724063555584.000000 4.993052483 -0.227483720 5.150773048 0.018888280 -0.029391492 0.012828075 0.999307156
1403636724213555456.000000 4.982098103 -0.194616109 5.093951702 0.023406357 -0.049400780 0.006658216 0.998482525
1403636724813555456.000000 4.917591095 -0.142499745 4.913964272 0.009340179 -0.122112259 -0.011467497 0.992406070
1403636728463555584.000000 4.577439785 -0.644881546 3.861308098 0.000380076 -0.094393313 -0.008913551 0.995495021
1403636729113555456.000000 4.404058456 -0.610302031 3.621558905 -0.003688038 -0.041618317 0.022306824 0.998877704
1403636729313555456.000000 4.346602917 -0.584604561 3.544756651 0.000203469 -0.032208107 0.023560664 0.999203444
1403636729513555456.000000 4.287264824 -0.547421753 3.461081028 -0.000958177 -0.029136863 0.023771817 0.999292254
1403636729763555584.000000 4.211749077 -0.525853336 3.340102911 0.001813803 -0.027943740 0.021585761 0.999374747
1403636729913555456.000000 4.162393093 -0.523115993 3.259158134 0.008941639 -0.028598398 0.019085292 0.999368787
1403636730213555456.000000 4.063859463 -0.475323975 3.120476961 0.014868123 -0.028123340 0.019201670 0.999309421
1403636730363555584.000000 4.017015457 -0.446608871 3.058002710 0.015099230 -0.026408358 0.017475769 0.999384403
1403636730563555584.000000 3.951902390 -0.401806593 2.985772371 0.027872102 -0.025872661 0.018211389 0.999110639
1403636730813555456.000000 3.874486685 -0.403486133 2.897640467 0.034946937 -0.024973493 0.017998273 0.998914957
1403636731063555584.000000 3.799147606 -0.430248380 2.840108633 0.027877901 -0.018870467 -0.005150411 0.999419928
1403636731363555584.000000 3.751775026 -0.443874240 2.799976826 0.006634104 -0.024383964 0.003732119 0.999673665
1403636732063555584.000000 3.732196331 -0.321863502 2.740705490 0.005630210 -0.025533715 0.011401176 0.999593079
1403636732513555456.000000 3.756098986 -0.211230785 2.693593979 -0.004800870 -0.031291727 0.035886370 0.998854339
1403636733113555456.000000 3.676028013 -0.175964057 2.491151333 -0.003765245 -0.024931172 0.028951013 0.999262750
1403636733313555456.000000 3.626374722 -0.173521012 2.392783642 -0.000399085 -0.024431169 0.031534828 0.999203920
1403636733663555584.000000 3.521878242 -0.200099006 2.195123672 0.012316499 -0.019887589 0.023244523 0.999456108
1403636733813555456.000000 3.475315094 -0.198141754 2.121624470 0.016074367 -0.019679137 0.024366641 0.999380112
1403636734213555456.000000 3.347874403 -0.153236002 1.938136220 0.004816325 -0.021132248 0.026739383 0.999407411
1403636734713555456.000000 3.174606800 -0.148217231 1.690094948 0.018436190 -0.014430575 0.022502357 0.999472618
1403636735113555456.000000 3.041472435 -0.089576006 1.541735530 0.019193891 -0.011257671 0.022442507 0.999500453
1403636736163555584.000000 2.765180349 -0.176744491 1.266801000 0.011300039 -0.011834889 0.020346694 0.999659061
1403636736363555584.000000 2.716285467 -0.218049794 1.225526929 0.008223305 0.009737913 0.029630506 0.999479651
1403636736713555456.000000 2.645340204 -0.235326618 1.162428975 0.003774470 0.021525543 0.053152423 0.998347223
1403636737463555584.000000 2.399761677 -0.131453231 1.028535962 0.014201892 0.044881366 0.040285334 0.998078704
1403636738113555456.000000 2.215324879 -0.226200700 0.894672990 0.021781493 0.048330497 0.027801899 0.998206794
1403636738813555456.000000 2.161654711 -0.316972524 0.863658845 0.018307343 -0.009429317 0.005024171 0.999775350
1403636740263555584.000000 2.454348326 -0.089877568 0.977346003 0.009338630 -0.244280800 -0.047785670 0.968481421
1403636741363555584.000000 2.628726959 0.281306446 1.036303759 0.000175727 -0.246510774 -0.059689101 0.967300177
1403636743163555584.000000 2.805691242 0.685561478 1.209118843 0.026159864 -0.240820006 -0.069629766 0.967715383
1403636744013555456.000000 3.035351515 0.829061687 1.499349594 0.004257505 -0.271046132 -0.068030693 0.960149825
1403636744463555584.000000 3.163633585 1.017455578 1.719131231 -0.007089505 -0.290900975 -0.087834060 0.952686489
1403636744713555456.000000 3.233159542 1.175713539 1.834353566 -0.016803991 -0.287463337 -0.093844980 0.953034937
1403636744863555584.000000 3.278819084 1.276021004 1.889181376 -0.011972523 -0.291493297 -0.081812970 0.952992618
1403636744963555584.000000 3.306993246 1.336257577 1.920287728 -0.003939897 -0.291767567 -0.078169025 0.953281581
1403636745063555584.000000 3.330972195 1.386674881 1.942677975 0.004446054 -0.289328009 -0.078590602 0.953987956
1403636745213555456.000000 3.373270035 1.451026678 1.978863955 0.011077833 -0.282812059 -0.079468071 0.955813468
1403636745413555456.000000 3.430100441 1.505271912 2.017314196 0.003323607 -0.275958747 -0.070717558 0.958558679
1403636745763555584.000000 3.511382103 1.530256152 2.069210768 -0.006502454 -0.286929369 -0.066831917 0.955595493
1403636746213555456.000000 3.556669950 1.459923029 2.087030888 0.000101167 -0.317558289 -0.057153285 0.946514785
1403636746313555456.000000 3.551301956 1.428679943 2.088291883 -0.012615124 -0.320600569 -0.054560442 0.945557654
1403636746463555584.000000 3.527294159 1.393961191 2.091032028 -0.020310057 -0.320226878 -0.057761565 0.945360184
1403636747263555584.000000 3.391130924 1.321992517 2.168936968 0.008738520 -0.299123228 -0.075177237 0.951208353
1403636747713555456.000000 3.356556177 1.191599369 2.236083984 0.010561282 -0.308449805 -0.076050535 0.948136866
1403636748113555456.000000 3.307899475 1.020935774 2.301709175 -0.003206287 -0.307174832 -0.109494977 0.945327580
1403636748463555584.000000 3.301084280 0.930609763 2.358394861 0.007924995 -0.318502098 -0.081879541 0.944346011
1403636748813555456.000000 3.298696995 0.815278411 2.406858444 -0.002167534 -0.314697564 -0.098508567 0.944063962
1403636749313555456.000000 3.339149952 0.706326902 2.450646877 -0.008032852 -0.326213479 -0.103036225 0.939629614
1403636749513555456.000000 3.366329193 0.649278283 2.438719034 -0.001648920 -0.333876222 -0.085229158 0.938754439
1403636749713555456.000000 3.390158176 0.592191100 2.424181938 0.000388271 -0.335348934 -0.074730679 0.939125240
1403636749863555584.000000 3.399457693 0.561659098 2.422064066 -0.012357672 -0.332342803 -0.074859522 0.940101922
1403636750063555584.000000 3.401243448 0.542413533 2.414015770 -0.020934509 -0.326077878 -0.073550232 0.942244828
1403636750463555584.000000 3.355465889 0.491638243 2.362948895 -0.004432482 -0.313008904 -0.076748922 0.946633697
1403636750713555456.000000 3.308101654 0.399252951 2.298106670 -0.001292752 -0.305826068 -0.072387204 0.949330747
1403636751513555456.000000 3.120154858 0.018937811 2.095114708 0.008613650 -0.300773531 -0.091936864 0.949214756
1403636751863555584.000000 3.067265034 -0.100958407 2.039775133 0.018524611 -0.281477213 -0.098079413 0.954362512
1403636752113555456.000000 3.067069054 -0.176023632 2.004634857 0.025372425 -0.281699270 -0.079531938 0.955864251
1403636752313555456.000000 3.074262619 -0.243735582 1.996352911 0.006395209 -0.270551741 -0.068393856 0.960251570
1403636752463555584.000000 3.078073502 -0.304609001 1.981169462 -0.000983053 -0.248222187 -0.059756525 0.966857791
1403636752863555584.000000 3.072871447 -0.435803831 1.941445827 0.009567401 -0.166445076 -0.026864454 0.985638261
1403636753313555456.000000 3.049157858 -0.451764107 1.933168411 0.013210020 -0.063528538 0.032885261 0.997350574
1403636753563555584.000000 3.008390665 -0.444084078 1.932047725 0.009151465 -0.018913524 0.034630090 0.999179304
1403636754163555584.000000 2.867929459 -0.447934359 1.920554399 -0.005730094 -0.016647119 0.029890768 0.999398112
1403636754463555584.000000 2.777518511 -0.474177420 1.864703178 -0.008838872 -0.020617764 0.033895321 0.999173582
1403636754763555584.000000 2.655716658 -0.479430944 1.784075499 -0.002891687 0.013453297 0.046641428 0.998816907
1403636754913555456.000000 2.589957237 -0.463020444 1.737820625 -0.002928416 0.034827631 0.053146940 0.997974873
1403636755013555456.000000 2.536104441 -0.444166332 1.712175965 -0.002295584 0.044258982 0.057153642 0.997381210
1403636755663555584.000000 2.206897497 -0.404291093 1.454964280 0.019915549 0.056018773 0.059997827 0.996426404
1403636756063555584.000000 1.976092696 -0.361445546 1.328182220 0.007344948 0.055978447 0.052131001 0.997043014
1403636756363555584.000000 1.796118498 -0.348776758 1.218730569 0.002425114 0.056992721 0.053362638 0.996944547
1403636756663555584.000000 1.613796473 -0.311633080 1.110960364 0.000637915 0.059810419 0.053563345 0.996771455
1403636756913555456.000000 1.459049344 -0.284421057 1.005395651 -0.001679109 0.062513806 0.053503647 0.996607542
1403636757113555456.000000 1.339425683 -0.278502166 0.902034044 -0.001105091 0.064828694 0.051661860 0.996557593
1403636757363555584.000000 1.192727566 -0.238668591 0.777370751 0.001292729 0.064728022 0.054524090 0.996411443
1403636757463555584.000000 1.134696245 -0.215590328 0.726024032 0.005256293 0.063961461 0.058530543 0.996220589
1403636757563555584.000000 1.078044295 -0.189615652 0.674638629 0.011419565 0.067634918 0.062506877 0.995684683
1403636757663555584.000000 1.017701149 -0.174218252 0.620810211 0.023836823 0.074136980 0.066913083 0.994715095
1403636757813555456.000000 0.920267105 -0.166435003 0.540837467 0.039280202 0.084810875 0.069178611 0.993216217
1403636757913555456.000000 0.851496577 -0.172523975 0.492538273 0.041727412 0.090617202 0.069047503 0.992612600
1403636757963555584.000000 0.820580602 -0.180361018 0.468741357 0.039196022 0.093929753 0.067146115 0.992538273
1403636758013555456.000000 0.784463704 -0.188812211 0.445818782 0.031269912 0.095824860 0.066955894 0.992651343
1403636758063555584.000000 0.747789800 -0.196420893 0.426662952 0.024162712 0.097938411 0.065978155 0.992708981
1403636758113555456.000000 0.712369978 -0.204420820 0.405081987 0.017859979 0.099697419 0.064128384 0.992788494
1403636758263555584.000000 0.611124039 -0.208487555 0.353677630 0.005050281 0.103084266 0.061212238 0.992774487
1403636758413555456.000000 0.512512267 -0.200535938 0.304155797 0.011472857 0.105263449 0.056123365 0.992793083
1403636758513555456.000000 0.448968828 -0.186158538 0.271855593 0.032803405 0.107476354 0.048210390 0.992496133
1403636758563555584.000000 0.421566546 -0.179030433 0.258550942 0.044348881 0.109673522 0.041697446 0.992101908
1403636758713555456.000000 0.336467445 -0.157462627 0.230504736 0.048765033 0.110544205 0.035377994 0.992043495
1403636758963555584.000000 0.219858050 -0.126506463 0.219018817 0.011615598 0.104789607 0.048545502 0.993240952
1403636759113555456.000000 0.158708990 -0.103976987 0.214463040 0.006538722 0.107682332 0.041091986 0.993314266
1403636759213555456.000000 0.122660324 -0.087436602 0.211889386 0.007892127 0.115283206 0.020032665 0.993099272
1403636759313555456.000000 0.095988967 -0.066131361 0.209036261 0.008812552 0.119327396 0.008998966 0.992775083
1403636759463555584.000000 0.074248426 -0.023399502 0.213051602 0.004546105 0.112700552 0.031716980 0.993112266
1403636759563555584.000000 0.068515964 0.009170685 0.216650710 0.002469110 0.109153442 0.044896774 0.993007421
1403636759863555584.000000 0.060474429 0.062352385 0.197465152 0.001106924 0.107012413 0.057875860 0.992571175
1403636760013555456.000000 0.059061904 0.079814017 0.177748933 0.016577704 0.106165089 0.059202209 0.992446125
1403636760163555584.000000 0.058058091 0.100867152 0.161198959 0.028957708 0.105399258 0.059081610 0.992250860
1403636760363555584.000000 0.056503251 0.127456158 0.151217610 0.006370138 0.106273934 0.055580486 0.992761850
1403636760513555456.000000 0.058241196 0.154973507 0.143764675 0.002427059 0.104858719 0.060458988 0.992644668
1403636760713555456.000000 0.060077235 0.196435139 0.129842728 0.019951057 0.103128850 0.068254560 0.992122829
1403636760963555584.000000 0.051687304 0.236107528 0.112673379 0.009952607 0.102849931 0.074019894 0.991889060
1403636761163555584.000000 0.033822544 0.270770848 0.096837983 0.033346459 0.105173059 0.068556443 0.991527438
1403636761413555456.000000 -0.000843892 0.297061741 0.095335789 0.036162589 0.105762213 0.068390213 0.991377532
1403636761613555456.000000 -0.036052167 0.295012653 0.107342251 0.009765096 0.106069006 0.064803042 0.992196858
1403636761863555584.000000 -0.076734088 0.281258106 0.111990802 0.008331172 0.112767160 0.039665665 0.992794454
1403636762063555584.000000 -0.090672225 0.269310266 0.113701314 0.005925764 0.103527449 0.062246136 0.992659211
1403636762313555456.000000 -0.111196592 0.255755931 0.106310412 0.025785664 0.094138935 0.083628371 0.991705239
1403636762463555584.000000 -0.138588846 0.262288749 0.108395502 0.039415188 0.098425195 0.068281658 0.992016375
1403636762563555584.000000 -0.159942016 0.270999908 0.117471039 0.032063756 0.108176611 0.039561611 0.992826581
